500.000 291.22461857
500.500 293.92632450
501.000 296.65719257
501.500 299.41723806
502.000 302.20643930
502.500 305.02473429
503.000 307.87201677
503.500 310.74813243
504.000 313.65287550
504.500 316.58598199
505.000 319.54712511
505.500 322.53592292
506.000 325.55190134
506.500 328.59452335
507.000 331.66316295
507.500 334.75710509
508.000 337.87552657
508.500 341.01750233
509.000 344.18204168
509.500 347.36792417
510.000 350.57391186
510.500 353.79854439
511.000 357.04023441
511.500 360.29728130
512.000 363.56773385
512.500 366.84949542
513.000 370.14029228
513.500 373.43757873
514.000 376.73861466
514.500 380.04047954
515.000 383.33989727
515.500 386.63337839
516.000 389.91718202
516.500 393.18717111
517.000 396.43900099
517.500 399.66790102
518.000 402.86875086
518.500 406.03617834
519.000 409.16431056
519.500 412.24686200
520.000 415.27722704
520.500 418.24822989
521.000 420.72750327
521.500 419.86881048
522.000 418.88740405
522.500 417.78274286
523.000 416.55441519
523.500 415.20234198
524.000 413.72652815
524.500 412.12723863
525.000 410.40495626
525.500 408.56031119
526.000 406.59425042
526.500 404.50782459
527.000 402.30241580
527.500 399.97946791
528.000 397.54078563
528.500 394.98828365
529.000 392.32411071
529.500 389.55052362
530.000 386.67009441
530.500 383.68548866
531.000 380.59955209
531.500 377.41533004
532.000 374.13599551
532.500 370.76483283
533.000 367.30534724
533.500 363.76099035
534.000 360.13551730
534.500 356.43270842
535.000 352.65640510
535.500 348.81054048
536.000 344.89900838
536.500 340.92602189
537.000 336.89555234
537.500 332.81170840
538.000 328.67865741
538.500 324.50049211
539.000 320.28132043
539.500 316.02525867
540.000 311.73631421
540.500 307.41856492
541.000 303.07600277
541.500 298.71247315
542.000 294.33187981
542.500 289.93798465
543.000 285.53447724
543.500 281.12497030
544.000 276.71297722
544.500 272.30189341
545.000 267.89504382
545.500 263.49562531
546.000 259.10671895
546.500 254.73130099
547.000 250.37222510
547.500 246.03222545
548.000 241.71391179
548.500 237.41978711
549.000 233.56550054
549.500 229.85551216
550.000 226.18482795
550.500 222.57426492
551.000 219.00355370