# lambda [nm], Cextmultiple_sphere_d=4
500.000 286.89398094
500.500 289.50542246
501.000 292.14346071
501.500 294.80800733
502.000 297.49893284
502.500 300.21606272
503.000 302.95917375
503.500 305.72799006
504.000 308.52217831
504.500 311.34134380
505.000 314.18502489
505.500 317.05268795
506.000 319.94372189
506.500 322.85743194
507.000 325.79303339
507.500 328.74964496
508.000 331.72628148
508.500 334.72184640
509.000 337.73512365
509.500 340.76478948
510.000 343.80932343
510.500 346.86711845
511.000 349.93639038
511.500 353.01518947
512.000 356.10138868
512.500 359.19267034
513.000 362.28651759
513.500 365.38019876
514.000 368.47075683
514.500 371.55499495
515.000 374.62946232
515.500 377.69044195
516.000 380.73393273
516.500 383.75563968
517.000 386.75095412
517.500 389.71494166
518.000 392.64232672
518.500 395.52747846
519.000 398.36439385
519.500 401.14668805
520.000 403.86757634
520.500 406.51986641
521.000 408.68599907
521.500 407.62542405
522.000 406.44561608
522.500 405.14638939
523.000 403.72775362
523.500 402.18991651
524.000 400.53328699
524.500 398.75847587
525.000 396.86629709
525.500 394.85776857
526.000 392.73410840
526.500 390.49673739
527.000 388.14727133
527.500 385.68752127
528.000 383.11948883
528.500 380.44535796
529.000 377.66749254
529.500 374.78842780
530.000 371.81086311
530.500 368.73765472
531.000 365.57180502
531.500 362.31645556
532.000 358.97487579
532.500 355.55045359
533.000 352.04668383
533.500 348.46715870
534.000 344.81555505
534.500 341.09562435
535.000 337.31118021
535.500 333.46608762
536.000 329.56425191
536.500 325.60960566
537.000 321.60609980
537.500 317.55769086
538.000 313.46833106
538.500 309.34195800
539.000 305.18248430
539.500 300.99378829
540.000 296.77970473
540.500 292.54401618
541.000 288.29044488
541.500 284.02264501
542.000 279.74419575
542.500 275.45859465
543.000 271.16925187
543.500 266.87948451
544.000 262.59251207
544.500 258.31145204
545.000 254.03931633
545.500 249.77900815
546.000 245.53331947
546.500 241.30492841
547.000 237.09639870
547.500 232.91017816
548.000 228.74859669
548.500 224.61386906
549.000 220.91858836
549.500 217.36734344
550.000 213.85553878
550.500 210.40341477
551.000 206.99099923
