203.300 1.393 0.000
207.300 1.389 0.000
211.900 1.385 0.000
216.400 1.381 0.000
221.400 1.376 0.000
226.200 1.372 0.000
231.300 1.370 0.000
237.100 1.368 0.000
242.600 1.365 0.000
249.000 1.362 0.000
255.100 1.360 0.000
261.600 1.358 0.000
268.900 1.356 0.000
276.100 1.354 0.000
284.400 1.352 0.000
292.400 1.351 0.000
300.900 1.349 0.000
310.700 1.348 0.000
320.400 1.347 0.000
331.500 1.345 0.000
342.500 1.344 0.000
354.200 1.343 0.000
367.900 1.342 0.000
381.500 1.340 0.000
397.400 1.339 0.000
413.300 1.338 0.000
430.500 1.338 0.000
450.900 1.337 0.000
471.400 1.336 0.000
495.900 1.335 0.000
520.900 1.334 0.000
548.600 1.333 0.000
582.100 1.333 0.000
616.800 1.332 0.000
659.500 1.331 0.000
704.500 1.331 0.000
756.000 1.330 0.000
821.100 1.329 0.000
892.000 1.328 0.000
984.000 1.327 0.000
1088.000 1.326 0.000
1216.000 1.324 0.000
1393.000 1.321 0.000
1610.000 1.317 0.000
1937.000 1.308 0.001
