380.000 9.612226625888627751e+00 1.488216961670824345e-01
380.500 9.577162526252587682e+00 1.485500237781400001e-01
381.000 9.542258467658225385e+00 1.482790970214094561e-01
381.500 9.507513438092278335e+00 1.480089121146581921e-01
382.000 9.472926433710568972e+00 1.477394653004712732e-01
382.500 9.438496458756794993e+00 1.474707528460326711e-01
383.000 9.404222525482351713e+00 1.472027710429098524e-01
383.500 9.370103654066948451e+00 1.469355162068390341e-01
384.000 9.336138872540304945e+00 1.466689846775141026e-01
384.500 9.302327216704611601e+00 1.464031728183765313e-01
385.000 9.268667730058066212e+00 1.461380770164086573e-01
385.500 9.235159463719122996e+00 1.458736936819276520e-01
386.000 9.201801476351807452e+00 1.456100192483833211e-01
386.500 9.168592834091739974e+00 1.453470501721564612e-01
387.000 9.135532610473077852e+00 1.450847829323598515e-01
387.500 9.102619886356414725e+00 1.448232140306421334e-01
388.000 9.069853749857202274e+00 1.445623399909914120e-01
388.500 9.037233296275442029e+00 1.443021573595440754e-01
389.000 9.004757628025744864e+00 1.440426627043922547e-01
389.500 8.972425854568516712e+00 1.437838526153958074e-01
390.000 8.940237092341762448e+00 1.435257237039946898e-01
