# lambda [Ang], Cext, d=infty
3700.0 290.08821212
3705.0 307.33769397
3710.0 326.35424121
3715.0 347.40224811
3720.0 370.75417850
3725.0 396.77739546
3730.0 425.90182999
3735.0 458.65673727
3740.0 495.59481600
3745.0 537.56609055
3750.0 585.41462972
3755.0 640.31733635
3760.0 703.61756215
3765.0 777.12788444
3770.0 863.00694927
3775.0 963.93930648
3780.0 1083.26253354
3785.0 1225.29830522
3790.0 1395.16223793
3795.0 1598.72972504
3800.0 1843.14855038
3805.0 2134.80370507
3810.0 2478.16529052
3815.0 2869.23070486
3820.0 3206.74517569
3825.0 3526.63812570
3830.0 3792.34920159
3835.0 3963.70963971
3840.0 4010.09400027
3845.0 3921.82871748
3850.0 3715.52629995
3855.0 3425.70348168
3860.0 3092.85612386
3865.0 2751.83956664
3870.0 2426.40773047
3875.0 2129.17045166
3880.0 1865.75821544
3885.0 1636.59711131
3890.0 1438.90563103
3895.0 1269.29841705
3900.0 1124.03303877
3905.0 999.67144282
3910.0 892.79028838
3915.0 800.72760149
3920.0 721.16868354
3925.0 652.02401609
3930.0 591.75863578
3935.0 539.01062632
3940.0 492.67030209
3945.0 451.73966384
3950.0 415.47732912
3955.0 383.24325055
3960.0 354.44710516
3965.0 328.64659075
3970.0 305.46176457
3975.0 284.60036521
3980.0 265.77663855
3985.0 248.69952546
3990.0 233.17781648
3995.0 219.00224586
4000.0 206.04281604
