# lambda [nm], Cextmultiple_sphere_d=1_R4
380.000 1505.07044580
380.500 1656.07090227
381.000 1831.58442882
381.500 2036.35852148
382.000 2249.99317171
382.500 2493.98971405
383.000 2772.86555106
383.500 3091.41575389
384.000 3454.37552574
384.500 3865.78901764
385.000 4327.93667764
385.500 4839.66084253
386.000 5393.99629467
386.500 5975.25587267
387.000 6556.24788193
387.500 7097.09870058
388.000 7547.81480357
388.500 7856.28345852
389.000 7980.94036278
389.500 7903.51870461
390.000 7635.32349795
