# lambda [nm], Cextmultiple_sphere_d=4-x
380.000 3575.48278640
380.500 4129.40421511
381.000 4777.41264560
381.500 5510.86574861
382.000 6138.60240025
382.500 6730.90643671
383.000 7221.80820675
383.500 7540.22521606
384.000 7631.17360943
384.500 7477.01559885
385.000 7105.15435026
385.500 6576.51472151
386.000 5963.06540471
386.500 5328.01765102
387.000 4716.16927606
387.500 4153.45636014
388.000 3651.18406813
388.500 3211.15891369
389.000 2829.89043154
389.500 2501.43954371
390.000 2219.12405690
390.500 1976.43075211
391.000 1767.44133684
391.500 1586.98440326
392.000 1430.63885909
392.500 1294.67583963
393.000 1175.97250665
393.500 1071.92254792
394.000 980.35284053
394.500 899.45018807
395.000 827.69895791
395.500 763.82899613
396.000 706.77260837
396.500 655.62926389
397.000 609.63671461
397.500 568.19010386
398.000 530.81637521
398.500 496.89074569
399.000 466.01265070
399.500 437.83655137
400.000 412.06339200
