# lambda [nm], Cextmultiple_sphere_d=1-x
380.000 2974.95826444
380.500 3402.29569288
381.000 3907.33637928
381.500 4495.09417640
382.000 5040.78649831
382.500 5610.52313744
383.000 6171.30803102
383.500 6675.39287683
384.000 7065.20995689
384.500 7285.70073956
385.000 7301.16999673
385.500 7108.48754218
386.000 6738.38751773
386.500 6243.96706171
387.000 5683.72925686
387.500 5107.96697435
388.000 4552.48327405
388.500 4038.53837471
389.000 3575.96310896
389.500 3166.93873756
390.000 2809.17241256
390.500 2498.13727948
391.000 2228.47692673
391.500 1994.80184377
392.000 1792.09522015
392.500 1615.88395508
393.000 1462.27993037
393.500 1327.95488581
394.000 1210.08498648
394.500 1106.28634287
395.000 1014.55083935
395.500 933.18744414
396.000 860.77090570
396.500 796.09787349
397.000 738.14986632
397.500 686.11602190
398.000 639.35874519
398.500 597.05878200
399.000 558.68496716
399.500 523.77995376
400.000 491.94949584
