# lambda [nm], Cextmultiple_sphere_d=4
380.000 3156.54612528
380.500 3623.40980137
381.000 4174.58546893
381.500 4812.57216928
382.000 5393.39069743
382.500 5985.48896692
383.000 6545.53792739
383.500 7015.65882851
384.000 7333.04328711
384.500 7447.18207387
385.000 7337.88395403
385.500 7023.44537826
386.000 6553.35776516
386.500 5990.54068244
387.000 5393.73819205
387.500 4807.33236942
388.000 4259.18056268
388.500 3763.28344778
389.000 3324.00448412
389.500 2939.90119388
390.000 2606.52162467
390.500 2318.19685895
391.000 2069.07187916
391.500 1853.63425926
392.000 1666.95423688
392.500 1504.73815375
393.000 1363.31798956
393.500 1239.59033631
394.000 1130.94050002
394.500 1035.17475564
395.000 950.45239222
395.500 875.22689167
396.000 808.19664760
396.500 748.26338299
397.000 694.50006166
397.500 646.16759680
398.000 602.68663977
398.500 563.30654810
399.000 527.54231852
399.500 494.97645915
400.000 465.24838150
