# lambda [nm], Cextmultiple_sphere_d=2
450.000 212.83411015
451.000 212.98955296
452.000 213.12814535
453.000 213.26680421
454.000 213.40549809
455.000 213.54419519
456.000 213.68286320
457.000 213.82146946
458.000 213.95998077
459.000 214.09836358
460.000 214.23658394
461.000 214.37460698
462.000 214.51239809
463.000 214.64992541
464.000 214.78714191
465.000 214.92402224
466.000 215.06052587
467.000 215.19661537
468.000 215.33225290
469.000 215.46740010
470.000 215.60201798
471.000 215.73606695
472.000 216.80058631
473.000 218.56867875
474.000 220.36483836
475.000 222.18975740
476.000 224.04415152
477.000 225.92876066
478.000 227.84435009
479.000 229.79171159
480.000 231.77166437
481.000 233.78505654
482.000 235.83276616
483.000 237.91570316
484.000 240.03480821
485.000 242.19105924
486.000 244.38546766
487.000 246.61908325
488.000 248.89299440
489.000 251.20833075
490.000 253.56626458
491.000 255.96801309
492.000 258.41484038
493.000 260.90808690
494.000 263.44906403
495.000 266.03921720
496.000 268.81764884
497.000 273.71741117
498.000 278.72630690
499.000 283.84551323
500.000 289.07584094
501.000 294.41765910
502.000 299.87080753
503.000 305.43449564
504.000 311.10718702
505.000 316.88646615
506.000 322.76888692
507.000 328.74979943
508.000 334.82315336
509.000 340.98127533
510.000 347.21461816
511.000 353.51147898
512.000 359.85765959
513.000 366.23624844
514.000 372.62697721
515.000 379.00606420
516.000 385.34563436
517.000 391.61326687
518.000 397.77149596
519.000 403.77729952
520.000 409.58159332
521.000 414.71123547
522.000 412.66382563
523.000 410.13089178
524.000 407.11189173
525.000 403.60952422
526.000 399.62980614
527.000 395.18209848
528.000 390.27899287
529.000 384.93624048
530.000 379.17264512
531.000 373.00974658
532.000 366.47164469
533.000 359.58466533
534.000 352.37705182
535.000 344.87856225
536.000 337.12017747
537.000 329.13364314
538.000 320.95115698
539.000 312.60497433
540.000 304.12710648
541.000 295.54891759
542.000 286.90096203
543.000 278.21259404
544.000 269.51185331
545.000 260.82522149
546.000 252.17749586
547.000 243.59175528
548.000 235.08909665
549.000 227.10097251
550.000 219.88084217
551.000 212.85990446
552.000 205.99989906
553.000 199.30370040
554.000 192.77324743
555.000 186.40984755
556.000 180.21407598
557.000 174.18591662
558.000 168.32481136
559.000 162.62970358
560.000 157.09912701
561.000 151.73119800
562.000 146.52372279
563.000 141.47423118
564.000 136.57996325
565.000 131.83802552
566.000 127.24526330
567.000 122.79843361
568.000 118.49422798
569.000 114.32909172
570.000 110.29962641
571.000 106.40217483
572.000 102.63318356
573.000 98.98912493
574.000 95.46635244
575.000 92.06135230
576.000 88.75525931
577.000 85.56115495
578.000 82.47554072
579.000 79.49489773
580.000 76.61590062
581.000 73.83519794
582.000 71.14956605
583.000 68.93833324
584.000 66.83692122
585.000 64.80611951
586.000 62.84334208
587.000 60.94599314
588.000 59.11162981
589.000 57.33792330
590.000 55.62260141
591.000 53.96351221
592.000 52.35856456
593.000 50.80576341
594.000 49.30320700
595.000 47.84906381
596.000 46.44154427
597.000 45.07895759
598.000 43.75969862
599.000 42.48217804
600.000 41.24491615
