# lambda [nm], Cextmultiple_sphere_d=4
380.000 3517.82948214
380.500 4060.07034515
381.000 4695.53492092
381.500 5417.58810835
382.000 6041.75345345
382.500 6638.25564474
383.000 7143.90891589
383.500 7488.31856017
384.000 7613.71190957
384.500 7496.49186002
385.000 7157.32412388
385.500 6652.45761509
386.000 6052.51957841
386.500 5422.05407489
387.000 4808.39471593
387.500 4240.01301752
388.000 3730.18716378
388.500 3282.03719805
389.000 2892.84345289
389.500 2557.06129058
390.000 2268.17271120
390.500 2019.69159053
391.000 1805.66086861
391.500 1620.83647558
392.000 1460.71787726
392.500 1321.49608628
393.000 1199.97512989
393.500 1093.48404005
394.000 999.79376249
394.500 917.04338433
395.000 843.67686647
395.500 778.38998028
396.000 720.08635812
396.500 667.84134275
397.000 620.87236318
397.500 578.55830820
398.000 540.41320052
398.500 505.79681720
399.000 474.29827063
399.500 445.56324495
400.000 419.28515860
