# lambda [nm], diel_real, diel_imag
450.000 -1.756351070717004026e+00 5.297788598704111784e+00
451.000 -1.758594796180472208e+00 5.279413813363650121e+00
452.000 -1.755888944672629570e+00 5.257694766112624762e+00
453.000 -1.753179902982559213e+00 5.236018727244212023e+00
454.000 -1.750467671110261580e+00 5.214385696758414568e+00
455.000 -1.747752249055737339e+00 5.192795674655229732e+00
456.000 -1.745033636818986489e+00 5.171248660934658403e+00
457.000 -1.742311834400008141e+00 5.149744655596702358e+00
458.000 -1.739586841798804517e+00 5.128283658641359821e+00
459.000 -1.736858659015372952e+00 5.106865670068629903e+00
460.000 -1.734127286049714556e+00 5.085490689878514381e+00
461.000 -1.731392722901829107e+00 5.064158718071012366e+00
462.000 -1.728654969571717492e+00 5.042869754646124747e+00
463.000 -1.725914026059378159e+00 5.021623799603850635e+00
464.000 -1.723169892364812439e+00 5.000420852944190031e+00
465.000 -1.720422568488020776e+00 4.979260914667143822e+00
466.000 -1.717672054429000728e+00 4.958143984772711121e+00
467.000 -1.714918350187754958e+00 4.937070063260891928e+00
468.000 -1.712161455764281692e+00 4.916039150131686242e+00
469.000 -1.709401371158581373e+00 4.895051245385094951e+00
470.000 -1.706638096370654667e+00 4.874106349021117168e+00
471.000 -1.703871631400501130e+00 4.853204461039752893e+00
472.000 -1.717923730423058792e+00 4.819888430687771397e+00
473.000 -1.744106650836676264e+00 4.777479142811314361e+00
474.000 -1.770047801542619093e+00 4.735098610100793692e+00
475.000 -1.795747182540886833e+00 4.692746832556211167e+00
476.000 -1.821204793831480817e+00 4.650423810177564121e+00
477.000 -1.846420635414399714e+00 4.608129542964854330e+00
478.000 -1.871394707289643966e+00 4.565864030918081795e+00
479.000 -1.896127009457214463e+00 4.523627274037244739e+00
480.000 -1.920617541917110760e+00 4.481419272322344938e+00
481.000 -1.944866304669330637e+00 4.439240025773382392e+00
482.000 -1.968873297713877202e+00 4.397089534390356214e+00
483.000 -1.992638521050749345e+00 4.354967798173266402e+00
484.000 -2.016161974679946400e+00 4.312874817122112958e+00
485.000 -2.039443658601468812e+00 4.270810591236897658e+00
486.000 -2.062483572815317689e+00 4.228775120517617836e+00
487.000 -2.085281717321490369e+00 4.186768404964275270e+00
488.000 -2.107838092119989959e+00 4.144790444576869959e+00
489.000 -2.130152697210815127e+00 4.102841239355401015e+00
490.000 -2.152225532593965429e+00 4.060920789299868439e+00
491.000 -2.174056598269439977e+00 4.019029094410272229e+00
492.000 -2.195645894237240547e+00 3.977166154686613719e+00
493.000 -2.216993420497367584e+00 3.935331970128891577e+00
494.000 -2.238099177049818866e+00 3.893526540737105357e+00
495.000 -2.258963163894596171e+00 3.851749866511257281e+00
496.000 -2.282794906745490238e+00 3.810050413028963412e+00
497.000 -2.353883763137360585e+00 3.768728463651943361e+00
498.000 -2.424605105709924935e+00 3.726740168372211226e+00
499.000 -2.494958934463182398e+00 3.684085527189765230e+00
500.000 -2.564945249397131644e+00 3.640764540104607150e+00
501.000 -2.634564050511773559e+00 3.596777207116735209e+00
502.000 -2.703815337807108587e+00 3.552123528226151628e+00
503.000 -2.772699111283136730e+00 3.506803503432854630e+00
504.000 -2.841215370939857543e+00 3.460817132736845103e+00
505.000 -2.909364116777270137e+00 3.414164416138122604e+00
506.000 -2.977145348795376290e+00 3.366845353636687577e+00
507.000 -3.044559066994175112e+00 3.318859945232539577e+00
508.000 -3.111605271373665715e+00 3.270208190925678604e+00
509.000 -3.178283961933850321e+00 3.220890090716105103e+00
510.000 -3.244595138674727153e+00 3.170905644603818629e+00
511.000 -3.310538801596297098e+00 3.120254852588820071e+00
512.000 -3.376114950698560158e+00 3.068937714671107653e+00
513.000 -3.441323585981514555e+00 3.016954230850683150e+00
514.000 -3.506164707445161621e+00 2.964304401127545230e+00
515.000 -3.570638315089501802e+00 2.910988225501694782e+00
516.000 -3.634744408914535096e+00 2.857005703973131805e+00
517.000 -3.698482988920261505e+00 2.802356836541855856e+00
518.000 -3.761854055106680583e+00 2.747041623207867378e+00
519.000 -3.824857607473791887e+00 2.691060063971166372e+00
520.000 -3.887493646021597193e+00 2.634412158831751505e+00
521.000 -3.949919012455521461e+00 2.579753735108970325e+00
522.000 -4.014862378969866086e+00 2.567723862919369271e+00
523.000 -4.080077015975101418e+00 2.555322489012945564e+00
524.000 -4.145562923471226568e+00 2.542549613389696983e+00
525.000 -4.211320101458240650e+00 2.529405236049624417e+00
526.000 -4.277348549936143662e+00 2.515889356992727421e+00
527.000 -4.343648268904935605e+00 2.502001976219006885e+00
528.000 -4.410219258364616479e+00 2.487743093728461474e+00
529.000 -4.477061518315185396e+00 2.473112709521092079e+00
530.000 -4.544175048756642354e+00 2.458110823596898697e+00
531.000 -4.611559849688990909e+00 2.442737435955880887e+00
532.000 -4.679215921112227505e+00 2.426992546598039091e+00
533.000 -4.747143263026353033e+00 2.410876155523372866e+00
534.000 -4.815341875431368379e+00 2.394388262731883099e+00
535.000 -4.883811758327271768e+00 2.377528868223568459e+00
536.000 -4.952552911714064976e+00 2.360297971998429833e+00
537.000 -5.021565335591744450e+00 2.342695574056466779e+00
538.000 -5.090849029960315519e+00 2.324721674397680182e+00
539.000 -5.160403994819775519e+00 2.306376273022069157e+00
540.000 -5.230230230170124450e+00 2.287659369929634146e+00
541.000 -5.300327736011362312e+00 2.268570965120374705e+00
542.000 -5.370696512343489104e+00 2.249111058594291279e+00
543.000 -5.441336559166504827e+00 2.229279650351383424e+00
544.000 -5.512247876480410369e+00 2.209076740391651583e+00
545.000 -5.583430464285202177e+00 2.188502328715095313e+00
546.000 -5.654884322580884692e+00 2.167556415321715058e+00
547.000 -5.726609451367456138e+00 2.146239000211510817e+00
548.000 -5.798605850644918291e+00 2.124550083384482146e+00
549.000 -5.867348434414236813e+00 2.107290263118486440e+00
550.000 -5.931009558212344324e+00 2.097056845247715184e+00
551.000 -5.994932682473406160e+00 2.086619627038615921e+00
552.000 -6.059117807197427652e+00 2.075978608491189092e+00
553.000 -6.123564932384403470e+00 2.065133789605433368e+00
554.000 -6.188274058034338942e+00 2.054085170381349634e+00
555.000 -6.253245184147230518e+00 2.042832750818937892e+00
556.000 -6.318478310723079971e+00 2.031376530918198142e+00
557.000 -6.383973437761884639e+00 2.019716510679129939e+00
558.000 -6.449730565263648963e+00 2.007852690101734172e+00
559.000 -6.515749693228368500e+00 1.995785069186009952e+00
560.000 -6.582030821656044139e+00 1.983513647931957280e+00
561.000 -6.648573950546679434e+00 1.971038426339577043e+00
562.000 -6.715379079900270831e+00 1.958359404408868132e+00
563.000 -6.782446209716820107e+00 1.945476582139831434e+00
564.000 -6.849775339996324597e+00 1.932389959532466284e+00
565.000 -6.917366470738788742e+00 1.919099536586773569e+00
566.000 -6.985219601944208101e+00 1.905605313302752402e+00
567.000 -7.053334733612586227e+00 1.891907289680403226e+00
568.000 -7.121711865743920455e+00 1.878005465719725597e+00
569.000 -7.190350998338209898e+00 1.863899841420719738e+00
570.000 -7.259252131395459884e+00 1.849590416783386315e+00
571.000 -7.328415264915664196e+00 1.835077191807724217e+00
572.000 -7.397840398898828163e+00 1.820360166493734333e+00
573.000 -7.467527533344947344e+00 1.805439340841415996e+00
574.000 -7.537476668254026180e+00 1.790314714850769873e+00
575.000 -7.607687803626059342e+00 1.774986288521795297e+00
576.000 -7.678160939461051271e+00 1.759454061854492934e+00
577.000 -7.748896075758998414e+00 1.743718034848862342e+00
578.000 -7.819893212519906101e+00 1.727778207504903740e+00
579.000 -7.891152349743767225e+00 1.711634579822616686e+00
580.000 -7.962673487430588004e+00 1.695287151802001624e+00
581.000 -8.034456625580364886e+00 1.678735923443058331e+00
582.000 -8.106501764193097870e+00 1.661980894745786808e+00
583.000 -8.175635205992739074e+00 1.654682211400307024e+00
584.000 -8.244738423726161614e+00 1.648173474623008783e+00
585.000 -8.314108076237157974e+00 1.641556362761986243e+00
586.000 -8.383744163525731707e+00 1.634830875817239848e+00
587.000 -8.453646685591882814e+00 1.627997013788769154e+00
588.000 -8.523815642435611295e+00 1.621054776676575049e+00
589.000 -8.594251034056915373e+00 1.614004164480656200e+00
590.000 -8.664952860455796824e+00 1.606845177201013719e+00
591.000 -8.735921121632252095e+00 1.599577814837647161e+00
592.000 -8.807155817586286517e+00 1.592202077390556303e+00
593.000 -8.878656948317898312e+00 1.584717964859741812e+00
594.000 -8.950424513827085704e+00 1.577125477245202578e+00
595.000 -9.022458514113848693e+00 1.569424614546939933e+00
596.000 -9.094758949178187279e+00 1.561615376764952989e+00
597.000 -9.167325819020105016e+00 1.553697763899241746e+00
598.000 -9.240159123639598349e+00 1.545671775949806870e+00
599.000 -9.313258863036667279e+00 1.537537412916647472e+00
600.000 -9.386625037211313582e+00 1.529294674799764442e+00
