# lambda [nm], diel_real, diel_imag
380.000 -3.387652048823318385e+00 1.922074608344178093e-01
381.000 -3.444152196559086221e+00 1.883313919605790476e-01
382.000 -3.496687582219679680e+00 1.870611553000697258e-01
383.000 -3.545340725784946745e+00 1.883571269101582679e-01
384.000 -3.594329777833046080e+00 1.896530985202468655e-01
385.000 -3.643654738363975465e+00 1.909490701303354354e-01
386.000 -3.693315607377735788e+00 1.922450417404240053e-01
387.000 -3.743312384874328380e+00 1.935410133505125752e-01
388.000 -3.793645070853751466e+00 1.948369849606011450e-01
389.000 -3.844313665316005935e+00 1.961329565706897426e-01
390.000 -3.895318168261090896e+00 1.974289281807782848e-01
