# lambda [nm], diel_prot_real, diel_prot_imag
450.000 2.731342243120362667e+00 2.348727402420753008e-01
451.000 2.731123618684274668e+00 2.342807736895506365e-01
452.000 2.730906469415962157e+00 2.336919370617203950e-01
453.000 2.730690780832251363e+00 2.331062046366528251e-01
454.000 2.730476538631969596e+00 2.325235509816890589e-01
455.000 2.730263728693083536e+00 2.319439509492926543e-01
456.000 2.730052337069878376e+00 2.313673796729715515e-01
457.000 2.729842349990202699e+00 2.307938125632713611e-01
458.000 2.729633753852761302e+00 2.302232253038385967e-01
459.000 2.729426535224459549e+00 2.296555938475523251e-01
460.000 2.729220680837800117e+00 2.290908944127226510e-01
461.000 2.729016177588326375e+00 2.285291034793549558e-01
462.000 2.728813012532118609e+00 2.279701977854781403e-01
463.000 2.728611172883331548e+00 2.274141543235360663e-01
464.000 2.728410646011782070e+00 2.268609503368405056e-01
465.000 2.728211419440580876e+00 2.263105633160843178e-01
466.000 2.728013480843807681e+00 2.257629709959143582e-01
467.000 2.727816818044229930e+00 2.252181513515613687e-01
468.000 2.727621419011064585e+00 2.246760825955282925e-01
469.000 2.727427271857777669e+00 2.241367431743320482e-01
470.000 2.727234364839928649e+00 2.236001117653020898e-01
471.000 2.727042686353051248e+00 2.230661672734310097e-01
472.000 2.726852224930571111e+00 2.225348888282780990e-01
473.000 2.726662969241768320e+00 2.220062557809241166e-01
474.000 2.726474908089767446e+00 2.214802477009764903e-01
475.000 2.726288030409570240e+00 2.209568443736243115e-01
476.000 2.726102325266122062e+00 2.204360257967408754e-01
477.000 2.725917781852410293e+00 2.199177721780343764e-01
478.000 2.725734389487599607e+00 2.194020639322449007e-01
479.000 2.725552137615200099e+00 2.188888816783872981e-01
480.000 2.725371015801265617e+00 2.183782062370385746e-01
481.000 2.725191013732625400e+00 2.178700186276690265e-01
482.000 2.725012121215145910e+00 2.173643000660170355e-01
483.000 2.724834328172025533e+00 2.168610319615056348e-01
484.000 2.724657624642115028e+00 2.163601959147004039e-01
485.000 2.724482000778269963e+00 2.158617737148087468e-01
486.000 2.724307446845729341e+00 2.153657473372176945e-01
487.000 2.724133953220527538e+00 2.148720989410727311e-01
488.000 2.723961510387924889e+00 2.143808108668931456e-01
489.000 2.723790108940872479e+00 2.138918656342260749e-01
490.000 2.723619739578500454e+00 2.134052459393374068e-01
491.000 2.723450393104631662e+00 2.129209346529387648e-01
492.000 2.723282060426320594e+00 2.124389148179503806e-01
493.000 2.723114732552418982e+00 2.119591696472981068e-01
494.000 2.722948400592162255e+00 2.114816825217460949e-01
495.000 2.722783055753781767e+00 2.110064369877617807e-01
496.000 2.722618689343141440e+00 2.105334167554147595e-01
497.000 2.722455292762392176e+00 2.100626056963077748e-01
498.000 2.722292857508657349e+00 2.095939878415395419e-01
499.000 2.722131375172729850e+00 2.091275473796990192e-01
500.000 2.721970837437798441e+00 2.086632686548902937e-01
501.000 2.721811236078191421e+00 2.082011361647874426e-01
502.000 2.721652562958141175e+00 2.077411345587191205e-01
503.000 2.721494810030571809e+00 2.072832486357825410e-01
504.000 2.721337969335900997e+00 2.068274633429853238e-01
505.000 2.721182033000867140e+00 2.063737637734160413e-01
506.000 2.721026993237372515e+00 2.059221351644416609e-01
507.000 2.720872842341345077e+00 2.054725628959330197e-01
508.000 2.720719572691619792e+00 2.050250324885154463e-01
509.000 2.720567176748835525e+00 2.045795296018467213e-01
510.000 2.720415647054354569e+00 2.041360400329202962e-01
511.000 2.720264976229192833e+00 2.036945497143933248e-01
512.000 2.720115156972973569e+00 2.032550447129400084e-01
513.000 2.719966182062892202e+00 2.028175112276286718e-01
514.000 2.719818044352700248e+00 2.023819355883233750e-01
515.000 2.719670736771707009e+00 2.019483042541083684e-01
516.000 2.719524252323791913e+00 2.015166038117362224e-01
517.000 2.719378584086437733e+00 2.010868209740979962e-01
518.000 2.719233725209774910e+00 2.006589425787160264e-01
519.000 2.719089668915643188e+00 2.002329555862588650e-01
520.000 2.718946408496667022e+00 1.998088470790771731e-01
521.000 2.718803937315346086e+00 1.993866042597611243e-01
522.000 2.718662248803157322e+00 1.989662144497186258e-01
523.000 2.718521336459673421e+00 1.985476650877735227e-01
524.000 2.718381193851695077e+00 1.981309437287846753e-01
525.000 2.718241814612393448e+00 1.977160380422840757e-01
526.000 2.718103192440469940e+00 1.973029358111346998e-01
527.000 2.717965321099325315e+00 1.968916249302073151e-01
528.000 2.717828194416243015e+00 1.964820934050764967e-01
529.000 2.717691806281584022e+00 1.960743293507342111e-01
530.000 2.717556150647996382e+00 1.956683209903224974e-01
531.000 2.717421221529633613e+00 1.952640566538835221e-01
532.000 2.717287013001382867e+00 1.948615247771268988e-01
533.000 2.717153519198114431e+00 1.944607139002151874e-01
534.000 2.717020734313929431e+00 1.940616126665652141e-01
535.000 2.716888652601428866e+00 1.936642098216670715e-01
536.000 2.716757268370988410e+00 1.932684942119189120e-01
537.000 2.716626575990044756e+00 1.928744547834781442e-01
538.000 2.716496569882395740e+00 1.924820805811285895e-01
539.000 2.716367244527502667e+00 1.920913607471629869e-01
540.000 2.716238594459815303e+00 1.917022845202811521e-01
541.000 2.716110614268094636e+00 1.913148412345030414e-01
542.000 2.715983298594751183e+00 1.909290203180971091e-01
543.000 2.715856642135196619e+00 1.905448112925224868e-01
544.000 2.715730639637195409e+00 1.901622037713865399e-01
545.000 2.715605285900234200e+00 1.897811874594159953e-01
546.000 2.715480575774895655e+00 1.894017521514418934e-01
547.000 2.715356504162245610e+00 1.890238877313991372e-01
548.000 2.715233066013223340e+00 1.886475841713381174e-01
549.000 2.715110256328045146e+00 1.882728315304511846e-01
550.000 2.714988070155615052e+00 1.878996199541110579e-01
551.000 2.714866502592943931e+00 1.875279396729226111e-01
552.000 2.714745548784575302e+00 1.871577810017872323e-01
553.000 2.714625203922023555e+00 1.867891343389795900e-01
554.000 2.714505463243215289e+00 1.864219901652368339e-01
555.000 2.714386322031941745e+00 1.860563390428596753e-01
556.000 2.714267775617316580e+00 1.856921716148255408e-01
557.000 2.714149819373244732e+00 1.853294786039131337e-01
558.000 2.714032448717895285e+00 1.849682508118392077e-01
559.000 2.713915659113182777e+00 1.846084791184056662e-01
560.000 2.713799446064255605e+00 1.842501544806586233e-01
561.000 2.713683805118995984e+00 1.838932679320584851e-01
562.000 2.713568731867516348e+00 1.835378105816600769e-01
563.000 2.713454221941675293e+00 1.831837736133044015e-01
564.000 2.713340271014589522e+00 1.828311482848201663e-01
565.000 2.713226874800160893e+00 1.824799259272361085e-01
566.000 2.713114029052603904e+00 1.821300979440033663e-01
567.000 2.713001729565982956e+00 1.817816558102275104e-01
568.000 2.712889972173754938e+00 1.814345910719112331e-01
569.000 2.712778752748318034e+00 1.810888953452058914e-01
570.000 2.712668067200567634e+00 1.807445603156734859e-01
571.000 2.712557911479454908e+00 1.804015777375570784e-01
572.000 2.712448281571558262e+00 1.800599394330615888e-01
573.000 2.712339173500651679e+00 1.797196372916428642e-01
574.000 2.712230583327287725e+00 1.793806632693063507e-01
575.000 2.712122507148377881e+00 1.790430093879141205e-01
576.000 2.712014941096786202e+00 1.787066677345011678e-01
577.000 2.711907881340922088e+00 1.783716304605999226e-01
578.000 2.711801324084342824e+00 1.780378897815736439e-01
579.000 2.711695265565359669e+00 1.777054379759577252e-01
580.000 2.711589702056648399e+00 1.773742673848094920e-01
581.000 2.711484629864866491e+00 1.770443704110662431e-01
582.000 2.711380045330276545e+00 1.767157395189110358e-01
583.000 2.711275944826369688e+00 1.763883672331463814e-01
584.000 2.711172324759500540e+00 1.760622461385760729e-01
585.000 2.711069181568521724e+00 1.757373688793940625e-01
586.000 2.710966511724425487e+00 1.754137281585813335e-01
587.000 2.710864311729990650e+00 1.750913167373101265e-01
588.000 2.710762578119433108e+00 1.747701274343554378e-01
589.000 2.710661307458059444e+00 1.744501531255136240e-01
590.000 2.710560496341928527e+00 1.741313867430283324e-01
591.000 2.710460141397514455e+00 1.738138212750233447e-01
592.000 2.710360239281377037e+00 1.734974497649423020e-01
593.000 2.710260786679831391e+00 1.731822653109953425e-01
594.000 2.710161780308627755e+00 1.728682610656123164e-01
595.000 2.710063216912630857e+00 1.725554302349027735e-01
596.000 2.709965093265505942e+00 1.722437660781221958e-01
597.000 2.709867406169409243e+00 1.719332619071453072e-01
598.000 2.709770152454678005e+00 1.716239110859446582e-01
599.000 2.709673328979532059e+00 1.713157070300767582e-01
600.000 2.709576932629771839e+00 1.710086432061730666e-01
