# lambda [nm], diel_prot_real, diel_prot_imag
380.000 2.751434851700644835e+00 2.860230708531996124e-01
380.500 2.751247889252036671e+00 2.855731442237102735e-01
381.000 2.751061732946115779e+00 2.851247284438815921e-01
381.500 2.750876377719201571e+00 2.846778155245165420e-01
382.000 2.750691818550296652e+00 2.842323975350568577e-01
382.500 2.750508050460622300e+00 2.837884666030242031e-01
383.000 2.750325068513153504e+00 2.833460149134653938e-01
383.500 2.750142867812160663e+00 2.829050347084062222e-01
384.000 2.749961443502757952e+00 2.824655182863105018e-01
384.500 2.749780790770462335e+00 2.820274580015463828e-01
385.000 2.749600904840752591e+00 2.815908462638587184e-01
385.500 2.749421780978636765e+00 2.811556755378474826e-01
386.000 2.749243414488224957e+00 2.807219383424528480e-01
386.500 2.749065800712312324e+00 2.802896272504458719e-01
387.000 2.748888935031959413e+00 2.798587348879253978e-01
387.500 2.748712812866085375e+00 2.794292539338206760e-01
388.000 2.748537429671064736e+00 2.790011771194002010e-01
388.500 2.748362780940325045e+00 2.785744972277856002e-01
389.000 2.748188862203959193e+00 2.781492070934719618e-01
389.500 2.748015669028333718e+00 2.777252996018531039e-01
390.000 2.747843197015707339e+00 2.773027676887525050e-01
390.500 2.747671441803853920e+00 2.768816043399600635e-01
391.000 2.747500399065688548e+00 2.764618025907734644e-01
391.500 2.747330064508901604e+00 2.760433555255451532e-01
392.000 2.747160433875594165e+00 2.756262562772349156e-01
392.500 2.746991502941922292e+00 2.752104980269668988e-01
393.000 2.746823267517740419e+00 2.747960740035917948e-01
393.500 2.746655723446256747e+00 2.743829774832542978e-01
394.000 2.746488866603685075e+00 2.739712017889655016e-01
394.500 2.746322692898908180e+00 2.735607402901794050e-01
395.000 2.746157198273140754e+00 2.731515864023755236e-01
395.500 2.745992378699598557e+00 2.727437335866444990e-01
396.000 2.745828230183173346e+00 2.723371753492799807e-01
396.500 2.745664748760108242e+00 2.719319052413735061e-01
397.000 2.745501930497679766e+00 2.715279168584157632e-01
397.500 2.745339771493885639e+00 2.711252038399005193e-01
398.000 2.745178267877131706e+00 2.707237598689338776e-01
398.500 2.745017415805927286e+00 2.703235786718474754e-01
399.000 2.744857211468581415e+00 2.699246540178167897e-01
399.500 2.744697651082905754e+00 2.695269797184818850e-01
400.000 2.744538730895919265e+00 2.691305496275749332e-01
