# lambda [nm], Cext, d=infty
450.000 210.16652415
451.000 210.31914488
452.000 210.45903002
453.000 210.59910834
454.000 210.73934958
455.000 210.87972309
456.000 211.02019780
457.000 211.16074219
458.000 211.30132430
459.000 211.44191174
460.000 211.58247165
461.000 211.72297075
462.000 211.86337526
463.000 212.00365094
464.000 212.14376310
465.000 212.28367654
466.000 212.42335557
467.000 212.56276405
468.000 212.70186530
469.000 212.84062214
470.000 212.97899693
471.000 213.11695143
472.000 214.16229837
473.000 215.89418666
474.000 217.65408050
475.000 219.44267315
476.000 221.26068159
477.000 223.10884736
478.000 224.98793773
479.000 226.89874680
480.000 228.84209662
481.000 230.81883853
482.000 232.82985428
483.000 234.87605755
484.000 236.95839535
485.000 239.07784948
486.000 241.23543818
487.000 243.43221779
488.000 245.66928453
489.000 247.94777642
490.000 250.26887517
491.000 252.63380836
492.000 255.04385162
493.000 257.50033095
494.000 260.00462528
495.000 262.55816894
496.000 265.29365527
497.000 270.05154159
498.000 274.91113561
499.000 279.87302790
500.000 284.93739259
501.000 290.10390784
502.000 295.37166441
503.000 300.73906115
504.000 306.20368541
505.000 311.76217688
506.000 317.41007287
507.000 323.14163308
508.000 328.94964181
509.000 334.82518583
510.000 340.75740576
511.000 346.73321951
512.000 352.73701663
513.000 358.75032277
514.000 364.75143498
515.000 370.71502904
516.000 376.61172431
517.000 382.40772152
518.000 388.06424895
519.000 393.53719159
520.000 398.77665043
521.000 403.32347412
522.000 400.91953142
523.000 398.04570144
524.000 394.70406272
525.000 390.89985167
526.000 386.64147861
527.000 381.94049083
528.000 376.81148237
529.000 371.27195128
530.000 365.34210793
531.000 359.04463803
532.000 352.40442674
533.000 345.44825048
534.000 338.20444430
535.000 330.70255318
536.000 322.97297570
537.000 315.04660844
538.000 306.95449884
539.000 298.72751388
540.000 290.39603064
541.000 281.98965379
542.000 273.53696395
543.000 265.06529982
544.000 256.60057529
545.000 248.16713214
546.000 239.78763456
547.000 231.48296265
548.000 223.27220815
549.000 215.58138953
550.000 208.65587521
551.000 201.92802932
552.000 195.35966402
553.000 188.95281665
554.000 182.70879955
555.000 176.62826463
556.000 170.71126613
557.000 164.95732044
558.000 159.36546318
559.000 153.93430309
560.000 148.66207269
561.000 143.54667557
562.000 138.58573030
563.000 133.77661112
564.000 129.11648526
565.000 124.60234719
566.000 120.23104979
567.000 115.99933273
568.000 111.90384789
569.000 107.94118261
570.000 104.10788006
571.000 100.40045776
572.000 96.81542374
573.000 93.34929099
574.000 89.99859003
575.000 86.75987990
576.000 83.61496506
577.000 80.57648215
578.000 77.64105991
579.000 74.80538891
580.000 72.06622647
581.000 69.42040056
582.000 66.86481302
583.000 64.76814603
584.000 62.77616085
585.000 60.85088255
586.000 58.98980767
587.000 57.19053242
588.000 55.45074891
589.000 53.76824151
590.000 52.14088326
591.000 50.56663246
592.000 49.04352926
593.000 47.56969240
594.000 46.14331605
595.000 44.76266673
596.000 43.42608039
597.000 42.13195954
598.000 40.87877050
599.000 39.66504077
600.000 38.48935647
