# lambda [nm], diel_real, diel_imag
450.000 1.787568999999999964e+00 2.727479999999999767e-09
451.000 1.787462041599999774e+00 2.718307071999999752e-09
452.000 1.787355086399999626e+00 2.709134687999999843e-09
453.000 1.787248134400000188e+00 2.699962848000000042e-09
454.000 1.787141185600000126e+00 2.690791551999999935e-09
455.000 1.787034239999999885e+00 2.681620799999999935e-09
456.000 1.786927297599999909e+00 2.672450591999999628e-09
457.000 1.786820358399999753e+00 2.663280927999999429e-09
458.000 1.786713422400000306e+00 2.654111808000000164e-09
459.000 1.786606489600000236e+00 2.644943231999999765e-09
460.000 1.786499559999999986e+00 2.635775199999999888e-09
461.000 1.786392633600000002e+00 2.626607711999999704e-09
462.000 1.786285710399999838e+00 2.617440767999999627e-09
463.000 1.786178790400000382e+00 2.608274368000000071e-09
464.000 1.786071873600000304e+00 2.599108512000000209e-09
465.000 1.785964960000000046e+00 2.589943200000000040e-09
466.000 1.785858049600000053e+00 2.580778431999999979e-09
467.000 1.785751142399999880e+00 2.571614208000000025e-09
468.000 1.785644238400000416e+00 2.562450528000000178e-09
469.000 1.785537337600000329e+00 2.553287392000000438e-09
470.000 1.785430440000000063e+00 2.544124799999999978e-09
471.000 1.785323545600000061e+00 2.534962752000000040e-09
472.000 1.785216654399999880e+00 2.525801247999999794e-09
473.000 1.785109766400000408e+00 2.516640288000000484e-09
474.000 1.785002881600000313e+00 2.507479872000000039e-09
475.000 1.784896000000000260e+00 2.498320000000000116e-09
476.000 1.784789121600000028e+00 2.505192192000000035e-09
477.000 1.784682246400000061e+00 2.512063967999999921e-09
478.000 1.784575374399999914e+00 2.518935327999999774e-09
479.000 1.784468505600000476e+00 2.525806272000000420e-09
480.000 1.784361640000000193e+00 2.532676800000000206e-09
481.000 1.784254777600000175e+00 2.539546911999999958e-09
482.000 1.784147918399999977e+00 2.546416608000000091e-09
483.000 1.784041062400000044e+00 2.553285887999999777e-09
484.000 1.783934209599999932e+00 2.560154751999999843e-09
485.000 1.783827360000000306e+00 2.567023200000000289e-09
486.000 1.783720513600000279e+00 2.573891232000000288e-09
487.000 1.783613670400000073e+00 2.580758848000000254e-09
488.000 1.783506830399999910e+00 2.587626048000000187e-09
489.000 1.783399993599999789e+00 2.594492831999999672e-09
490.000 1.783293159999999711e+00 2.601359199999999538e-09
491.000 1.783186329600000342e+00 2.608225152000000612e-09
492.000 1.783079502400000127e+00 2.615090688000000411e-09
493.000 1.782972678399999955e+00 2.621955808000000177e-09
494.000 1.782865857600000048e+00 2.628820511999999909e-09
495.000 1.782759039999999739e+00 2.635684800000000022e-09
496.000 1.782652225599999696e+00 2.642548671999999688e-09
497.000 1.782545414400000139e+00 2.649412128000000561e-09
498.000 1.782438606400000181e+00 2.656275168000000574e-09
499.000 1.782331801600000043e+00 2.663137792000000140e-09
500.000 1.782224999999999948e+00 2.670000000000000086e-09
501.000 1.782118201599999896e+00 2.704094975999999994e-09
502.000 1.782011406399999665e+00 2.738187903999999961e-09
503.000 1.781904614400000142e+00 2.772278784000000399e-09
504.000 1.781797825599999996e+00 2.806367616000000070e-09
505.000 1.781691039999999893e+00 2.840454400000000212e-09
506.000 1.781584257599999832e+00 2.874539135999999999e-09
507.000 1.781477478399999814e+00 2.908621823999999845e-09
508.000 1.781370702400000283e+00 2.942702464000000163e-09
509.000 1.781263929600000129e+00 2.976781056000000126e-09
510.000 1.781157160000000017e+00 3.010857600000000147e-09
511.000 1.781050393599999948e+00 3.044932095999999814e-09
512.000 1.780943630399999700e+00 3.079004543999999952e-09
513.000 1.780836870400000382e+00 3.113074944000000149e-09
514.000 1.780730113600000220e+00 3.147143296000000405e-09
515.000 1.780623360000000099e+00 3.181209600000000305e-09
516.000 1.780516609600000022e+00 3.215273855999999851e-09
517.000 1.780409862399999765e+00 3.249336063999999868e-09
518.000 1.780303118400000439e+00 3.283396224000000358e-09
519.000 1.780196377600000268e+00 3.317454336000000079e-09
520.000 1.780089640000000140e+00 3.351510400000000272e-09
521.000 1.779982905600000054e+00 3.385564416000000110e-09
522.000 1.779876174400000011e+00 3.419616384000000007e-09
523.000 1.779769446400000454e+00 3.453666304000000375e-09
524.000 1.779662721600000275e+00 3.487714176000000389e-09
525.000 1.779556000000000138e+00 3.521760000000000048e-09
526.000 1.779449281600000043e+00 3.589953152000000057e-09
527.000 1.779342566399999992e+00 3.658142207999999770e-09
528.000 1.779235854399999983e+00 3.726327168000000013e-09
529.000 1.779129145600000461e+00 3.794508032000000374e-09
530.000 1.779022440000000316e+00 3.862684800000000024e-09
531.000 1.778915737600000213e+00 3.930857471999999792e-09
532.000 1.778809038400000153e+00 3.999026047999999676e-09
533.000 1.778702342399999914e+00 4.067190527999999678e-09
534.000 1.778595649599999939e+00 4.135350911999999796e-09
535.000 1.778488960000000230e+00 4.203507200000000032e-09
536.000 1.778382273600000119e+00 4.271659392000000385e-09
537.000 1.778275590400000050e+00 4.339807488000000028e-09
538.000 1.778168910400000025e+00 4.407951487999999787e-09
539.000 1.778062233599999820e+00 4.476091391999999664e-09
540.000 1.777955559999999879e+00 4.544227199999999658e-09
541.000 1.777848889600000204e+00 4.612358911999999769e-09
542.000 1.777742222400000127e+00 4.680486527999999997e-09
543.000 1.777635558400000093e+00 4.748610047999999515e-09
544.000 1.777528897599999880e+00 4.816729471999999977e-09
545.000 1.777422239999999931e+00 4.884844799999999729e-09
546.000 1.777315585599999803e+00 4.952956031999999598e-09
547.000 1.777208934400000162e+00 5.021063167999999584e-09
548.000 1.777102286400000120e+00 5.089166207999999687e-09
549.000 1.776995641599999898e+00 5.157265151999999907e-09
550.000 1.776888999999999941e+00 5.225359999999999417e-09
551.000 1.776888999999999941e+00 5.400249599999998879e-09
552.000 1.776888999999999941e+00 5.575139199999999996e-09
553.000 1.776888999999999941e+00 5.750028799999999457e-09
554.000 1.776888999999999941e+00 5.924918399999999747e-09
555.000 1.776888999999999941e+00 6.099808000000000036e-09
556.000 1.776888999999999941e+00 6.274697599999999498e-09
557.000 1.776888999999999941e+00 6.449587199999999787e-09
558.000 1.776888999999999941e+00 6.624476799999999249e-09
559.000 1.776888999999999941e+00 6.799366399999999538e-09
560.000 1.776888999999999941e+00 6.974255999999999827e-09
561.000 1.776888999999999941e+00 7.149145599999999289e-09
562.000 1.776888999999999941e+00 7.324035199999999578e-09
563.000 1.776888999999999941e+00 7.498924800000000694e-09
564.000 1.776888999999999941e+00 7.673814400000000156e-09
565.000 1.776888999999999941e+00 7.848703999999999618e-09
566.000 1.776888999999999941e+00 8.023593599999999080e-09
567.000 1.776888999999999941e+00 8.198483200000000196e-09
568.000 1.776888999999999941e+00 8.373372799999999658e-09
569.000 1.776888999999999941e+00 8.548262399999999120e-09
570.000 1.776888999999999941e+00 8.723152000000000236e-09
571.000 1.776888999999999941e+00 8.898041599999999698e-09
572.000 1.776888999999999941e+00 9.072931199999999160e-09
573.000 1.776888999999999941e+00 9.247820800000000276e-09
574.000 1.776888999999999941e+00 9.422710399999999738e-09
575.000 1.776888999999999941e+00 9.597599999999999200e-09
576.000 1.776782361599999804e+00 1.037576064000000053e-08
577.000 1.776675726399999711e+00 1.115387455999999722e-08
578.000 1.776569094400000104e+00 1.193194176000000086e-08
579.000 1.776462465600000096e+00 1.270996223999999987e-08
580.000 1.776355839999999908e+00 1.348793600000000085e-08
581.000 1.776249217599999763e+00 1.426586304000000051e-08
582.000 1.776142598399999661e+00 1.504374335999999718e-08
583.000 1.776035982400000268e+00 1.582157696000000246e-08
584.000 1.775929369600000030e+00 1.659936384000000144e-08
585.000 1.775822760000000056e+00 1.737710400000000075e-08
586.000 1.775716153599999902e+00 1.815479744000000039e-08
587.000 1.775609550399999792e+00 1.893244416000000036e-08
588.000 1.775502950400000390e+00 1.971004416000000396e-08
589.000 1.775396353600000143e+00 2.048759743999999796e-08
590.000 1.775289760000000161e+00 2.126510399999999891e-08
591.000 1.775183169599999999e+00 2.204256384000000018e-08
592.000 1.775076582399999880e+00 2.281997695999999847e-08
593.000 1.774969998400000248e+00 2.359734336000000371e-08
594.000 1.774863417600000215e+00 2.437466304000000266e-08
595.000 1.774756840000000224e+00 2.515193600000000193e-08
596.000 1.774650265600000054e+00 2.592916224000000153e-08
597.000 1.774543694399999927e+00 2.670634176000000146e-08
598.000 1.774437126400000508e+00 2.748347456000000502e-08
599.000 1.774330561600000022e+00 2.826056064000000561e-08
600.000 1.774224000000000023e+00 2.903760000000000321e-08
