# lambda [nm], diel_real, diel_imag
500.500 -2.599800589181865629e+00 3.618854166848509912e+00
501.500 -2.669235633386854545e+00 3.574533660909282151e+00
502.500 -2.738303163772536131e+00 3.529546809067342306e+00
503.500 -2.807003180338910386e+00 3.483893611322689043e+00
504.500 -2.875335683085976868e+00 3.437574067675322809e+00
505.500 -2.943300672013736463e+00 3.390588178125244490e+00
506.500 -3.010898147122189172e+00 3.342935942672452754e+00
507.500 -3.078128108411334107e+00 3.294617361316948490e+00
508.500 -3.144990555881171268e+00 3.245632434058730809e+00
509.500 -3.211485489531701987e+00 3.195981160897801043e+00
510.500 -3.277612909362925375e+00 3.145663541834158305e+00
511.500 -3.343372815374841878e+00 3.094679576867803039e+00
512.500 -3.408765207567449718e+00 3.043029265998734356e+00
513.500 -3.473790085940751560e+00 2.990712609226953589e+00
514.500 -3.538447450494746072e+00 2.937729606552458961e+00
515.500 -3.602737301229432809e+00 2.884080257975252692e+00
516.500 -3.666659638144813105e+00 2.829764563495333007e+00
517.500 -3.730214461240883850e+00 2.774782523112700350e+00
518.500 -3.793401770517649041e+00 2.719134136827355608e+00
519.500 -3.856221565975107790e+00 2.662819404639297449e+00
520.500 -3.918673847613257877e+00 2.605838326548526762e+00
521.500 -3.982356786901332768e+00 2.573785236728773462e+00
522.500 -4.047435788661122302e+00 2.561569613680760416e+00
523.500 -4.112786060911803432e+00 2.548982488915924272e+00
524.500 -4.178407603653372604e+00 2.536023862434263698e+00
525.500 -4.244300416885830707e+00 2.522693734235779139e+00
526.500 -4.310464500609178629e+00 2.508992104320470151e+00
527.500 -4.376899854823414593e+00 2.494918972688337178e+00
528.500 -4.443606479528539488e+00 2.480474339339380219e+00
529.500 -4.510584374724552426e+00 2.465658204273597942e+00
530.500 -4.577833540411455182e+00 2.450470567490992568e+00
531.500 -4.645353976589247758e+00 2.434911428991562765e+00
532.500 -4.713145683257929264e+00 2.418980788775308977e+00
533.500 -4.781208660417499701e+00 2.402678646842230759e+00
534.500 -4.849542908067958180e+00 2.386005003192328555e+00
535.500 -4.918148426209307367e+00 2.368959857825601922e+00
536.500 -4.987025214841544596e+00 2.351543210742051748e+00
537.500 -5.056173273964668979e+00 2.333755061941676701e+00
538.500 -5.125592603578684958e+00 2.315595411424477668e+00
539.500 -5.195283203683588091e+00 2.297064259190454649e+00
540.500 -5.265245074279382820e+00 2.278161605239607646e+00
541.500 -5.335478215366064703e+00 2.258887449571935768e+00
542.500 -5.405982626943636404e+00 2.239241792187440350e+00
543.500 -5.476758309012097037e+00 2.219224633086120502e+00
544.500 -5.547805261571445712e+00 2.198835972267976668e+00
545.500 -5.619123484621682429e+00 2.178075809733007961e+00
546.500 -5.690712978162809854e+00 2.156944145481216157e+00
547.500 -5.762573742194825321e+00 2.135440979512599924e+00
548.500 -5.834705776717731496e+00 2.113566311827158817e+00
549.500 -5.899146246255422277e+00 2.102199029225392035e+00
550.500 -5.962938370285005618e+00 2.091863711185456776e+00
