# lambda [ang], refrac_index_real, refrac_index_imag
1878.5484454 1.28 1.188
1916.2936228 1.32 1.203
1952.5070456 1.34 1.226
1993.3150706 1.33 1.251
2032.5278261 1.33 1.277
2073.3143377 1.3 1.304
2119.3879896 1.3 1.35
2163.7730784 1.3 1.387
2214.0035249 1.3 1.427
2262.4853539 1.31 1.46
2313.1380111 1.3 1.497
2370.6347494 1.32 1.536
2426.3052328 1.32 1.577
2489.6425179 1.33 1.631
2551.1151727 1.33 1.688
2615.700367 1.35 1.749
2689.4619825 1.38 1.803
2761.3406992 1.43 1.847
2843.6742521 1.47 1.869
2924.1555989 1.49 1.878
3009.3251795 1.53 1.889
3107.3733683 1.53 1.893
3203.7260308 1.54 1.898
3315.0854918 1.48 1.883
3424.9778286 1.48 1.871
3542.4056398 1.5 1.866
3679.0563025 1.48 1.895
3814.8983813 1.46 1.933
3973.8524806 1.47 1.952
4132.8065798 1.46 1.958
4305.0068539 1.45 1.948
4508.5162689 1.38 1.914
4714.2280378 1.31 1.849
4959.3678957 1.04 1.833
5209.4200586 0.62 2.081
5486.0264333 0.43 2.455
5820.8543377 0.29 2.863
6168.3680295 0.21 3.272
6594.9041167 0.14 3.697
7044.5566701 0.13 4.103
7560.0120362 0.14 4.542
8210.8739996 0.16 5.083
8919.7264312 0.17 5.663
9840.0156662 0.22 6.35
10875.8067889 0.27 7.15
12155.31347 0.35 8.145
13930.8086959 0.43 9.519
16101.8438174 0.56 11.21
19372.5308428 0.92 13.78
