# energy [eV], refrac_index_real, refrac_index_imag
6.60 1.280 1.188
6.47 1.320 1.203
6.35 1.340 1.226
6.22 1.330 1.251
6.10 1.330 1.277
5.98 1.300 1.304
5.85 1.300 1.350
5.73 1.300 1.387
5.60 1.300 1.427
5.48 1.310 1.460
5.36 1.300 1.497
5.23 1.320 1.536
5.11 1.320 1.577
4.98 1.330 1.631
4.86 1.330 1.688
4.74 1.350 1.749
4.61 1.380 1.803
4.49 1.430 1.847
4.36 1.470 1.869
4.24 1.490 1.878
4.12 1.530 1.889
3.99 1.530 1.893
3.87 1.540 1.898
3.74 1.480 1.883
3.62 1.480 1.871
3.50 1.500 1.866
3.37 1.480 1.895
3.25 1.460 1.933
3.12 1.470 1.952
3.00 1.460 1.958
2.88 1.450 1.948
2.75 1.380 1.914
2.63 1.310 1.849
2.50 1.040 1.833
2.38 0.620 2.081
2.26 0.430 2.455
2.13 0.290 2.863
2.01 0.210 3.272
1.88 0.140 3.697
1.76 0.130 4.103
1.64 0.140 4.542
1.51 0.160 5.083
1.39 0.170 5.663
1.26 0.220 6.350
1.14 0.270 7.150
1.02 0.350 8.145
0.89 0.430 9.519
0.77 0.560 11.210
0.64 0.920 13.780
