# lambda [nm], diel_prot_real, diel_prot_imag
5172.5 2.71934e+00 2.00980e-01
5177.5 2.71927e+00 2.00766e-01
5182.5 2.71920e+00 2.00552e-01
5187.5 2.71913e+00 2.00339e-01
5192.5 2.71905e+00 2.00127e-01
5197.5 2.71898e+00 1.99915e-01
5202.5 2.71891e+00 1.99703e-01
5207.5 2.71884e+00 1.99492e-01
5212.5 2.71877e+00 1.99281e-01
5217.5 2.71870e+00 1.99071e-01
5222.5 2.71863e+00 1.98861e-01
5227.5 2.71856e+00 1.98652e-01
5232.5 2.71849e+00 1.98443e-01
5237.5 2.71842e+00 1.98235e-01
5242.5 2.71835e+00 1.98027e-01
5247.5 2.71828e+00 1.97820e-01
5252.5 2.71821e+00 1.97613e-01
5257.5 2.71814e+00 1.97406e-01
5262.5 2.71807e+00 1.97200e-01
5267.5 2.71800e+00 1.96994e-01
5272.5 2.71793e+00 1.96789e-01
