# lambda [ang], diel_real, diel_imag
5170.0 1.78041e+00 3.24934e-09
5175.0 1.78036e+00 3.26637e-09
5180.0 1.78030e+00 3.28340e-09
5185.0 1.78025e+00 3.30043e-09
5190.0 1.78020e+00 3.31745e-09
5195.0 1.78014e+00 3.33448e-09
5200.0 1.78009e+00 3.35151e-09
5205.0 1.78004e+00 3.36854e-09
5210.0 1.77998e+00 3.38556e-09
5215.0 1.77993e+00 3.40259e-09
5220.0 1.77988e+00 3.41962e-09
5225.0 1.77982e+00 3.43664e-09
5230.0 1.77977e+00 3.45367e-09
5235.0 1.77972e+00 3.47069e-09
5240.0 1.77966e+00 3.48771e-09
5245.0 1.77961e+00 3.50474e-09
5250.0 1.77956e+00 3.52176e-09
5255.0 1.77950e+00 3.55586e-09
5260.0 1.77945e+00 3.58995e-09
5265.0 1.77940e+00 3.62405e-09
5270.0 1.77934e+00 3.65814e-09
