# lambda [ang], diel_real, diel_imag
5172.5 1.78038e+00 3.25785e-09
5177.5 1.78033e+00 3.27488e-09
5182.5 1.78028e+00 3.29191e-09
5187.5 1.78022e+00 3.30894e-09
5192.5 1.78017e+00 3.32597e-09
5197.5 1.78012e+00 3.34300e-09
5202.5 1.78006e+00 3.36002e-09
5207.5 1.78001e+00 3.37705e-09
5212.5 1.77996e+00 3.39408e-09
5217.5 1.77990e+00 3.41110e-09
5222.5 1.77985e+00 3.42813e-09
5227.5 1.77980e+00 3.44515e-09
5232.5 1.77974e+00 3.46218e-09
5237.5 1.77969e+00 3.47920e-09
5242.5 1.77964e+00 3.49623e-09
5247.5 1.77958e+00 3.51325e-09
5252.5 1.77953e+00 3.53881e-09
5257.5 1.77948e+00 3.57291e-09
5262.5 1.77942e+00 3.60700e-09
5267.5 1.77937e+00 3.64110e-09
5272.5 1.77932e+00 3.67519e-09
