# lambda [ang], diel_real, diel_imag
5172.5 -3.71436e+00 2.78859e+00
5177.5 -3.74605e+00 2.76093e+00
5182.5 -3.77764e+00 2.73311e+00
5187.5 -3.80914e+00 2.70512e+00
5192.5 -3.84055e+00 2.67696e+00
5197.5 -3.87187e+00 2.64864e+00
5202.5 -3.90310e+00 2.62015e+00
5207.5 -3.93423e+00 2.59149e+00
5212.5 -3.96613e+00 2.57678e+00
5217.5 -3.99860e+00 2.57077e+00
5222.5 -4.03114e+00 2.56466e+00
5227.5 -4.06375e+00 2.55846e+00
5232.5 -4.09642e+00 2.55216e+00
5237.5 -4.12917e+00 2.54578e+00
5242.5 -4.16198e+00 2.53930e+00
5247.5 -4.19486e+00 2.53273e+00
5252.5 -4.22780e+00 2.52606e+00
5257.5 -4.26082e+00 2.51930e+00
5262.5 -4.29390e+00 2.51245e+00
5267.5 -4.32705e+00 2.50551e+00
5272.5 -4.36027e+00 2.49847e+00
