# lambda [ang], diel_real, diel_imag
5170.0 -3.69848e+00 2.80236e+00
5175.0 -3.73021e+00 2.77478e+00
5180.0 -3.76185e+00 2.74704e+00
5185.0 -3.79340e+00 2.71913e+00
5190.0 -3.82486e+00 2.69106e+00
5195.0 -3.85622e+00 2.66282e+00
5200.0 -3.88749e+00 2.63441e+00
5205.0 -3.91867e+00 2.60584e+00
5210.0 -3.94992e+00 2.57975e+00
5215.0 -3.98236e+00 2.57379e+00
5220.0 -4.01486e+00 2.56772e+00
5225.0 -4.04744e+00 2.56157e+00
5230.0 -4.08008e+00 2.55532e+00
5235.0 -4.11279e+00 2.54898e+00
5240.0 -4.14556e+00 2.54255e+00
5245.0 -4.17841e+00 2.53602e+00
5250.0 -4.21132e+00 2.52941e+00
5255.0 -4.24430e+00 2.52269e+00
5260.0 -4.27735e+00 2.51589e+00
5265.0 -4.31046e+00 2.50899e+00
5270.0 -4.34365e+00 2.50200e+00
