# lambda [nm], Cext, Cext_analytical, error - (Mesh of 2K elements)
203.25278261 437.80659564 440.79533751 0.00678034
207.33143377 427.03471610 430.04250058 0.00699416
211.93879896 416.49853848 419.49938569 0.00715340
216.37730784 405.62062952 408.60471044 0.00730310
221.40035249 389.28881276 392.22158766 0.00747734
226.24853539 378.07407914 380.95017709 0.00754980
231.31380111 367.89635416 370.74561791 0.00768523
237.06347494 361.23561651 364.05228893 0.00773700
242.63052328 350.15455585 352.93026486 0.00786475
248.96425179 340.81654690 343.55043437 0.00795775
255.11151727 328.06700666 330.73070497 0.00805398
261.57003670 313.33707163 315.89983328 0.00811258
268.94619825 294.27263657 296.69744120 0.00817265
276.13406992 271.73778720 273.97030416 0.00814876
284.36742521 250.36270321 252.37236127 0.00796307
292.41555989 225.61004463 227.34704189 0.00764029
300.93251795 183.72915034 185.03892430 0.00707837
310.73733683 114.97246279 115.66180684 0.00596000
320.37260308 65.37486636 65.69241651 0.00483389
331.50854918 55.33015181 55.42007087 0.00162250
342.49778286 97.37026356 97.24162509 0.00132287
354.24056398 174.83596723 173.54959930 0.00741211
367.90563025 466.04763395 455.65727254 0.02280302
381.48983813 5993.15755943 5623.24043969 0.06578362
397.38524806 533.12426636 562.89972270 0.05289656
413.28065798 117.34294091 121.17365648 0.03161344
430.50068539 40.85730893 41.90343110 0.02496507
450.85162689 21.44759636 21.91671058 0.02140441
471.42280378 15.48561730 15.78799890 0.01915262
495.93678957 9.57285867 9.74497567 0.01766213
520.94200586 6.28511670 6.39140002 0.01662911
548.60264333 4.99588918 5.07615416 0.01581216
582.08543377 2.84789992 2.89190122 0.01521535
616.83680295 2.37492061 2.41044869 0.01473920
659.49041167 1.36499556 1.38485991 0.01434394
704.45566701 0.76632592 0.77723104 0.01403074
756.00120362 0.39893862 0.40450545 0.01376207
821.08739996 0.35732915 0.36222787 0.01352388
891.97264312 0.23506226 0.23823443 0.01331531
984.00156662 0.15150395 0.15352011 0.01313287
1087.58067889 0.09631120 0.09757680 0.01297031
1215.53134700 0.13088829 0.13258656 0.01280876
1393.08086959 0.12129084 0.12280973 0.01236783
1610.18438174 0.07192428 0.07282044 0.01230633
1937.25308428 0.11530495 0.11657487 0.01089365
