# lambda [nm], real_ref_silver, imag_ref_silver, real_ref_water, imag_ref_water,  (silver sphere - rep Fig 7.5 )
350.0 1.144448369995675618e-01 1.318969503777994712e+00 1.342999999999999972e+00 6.500000000000000301e-09
351.0 1.110384889129228253e-01 1.342558464278009511e+00 1.342919999999999892e+00 6.379999999999999889e-09
352.0 1.076321408262780888e-01 1.366147424778024311e+00 1.342840000000000034e+00 6.260000000000000303e-09
353.0 1.042257927396333522e-01 1.389736385278039110e+00 1.342759999999999954e+00 6.139999999999999890e-09
354.0 1.008194446529886157e-01 1.413325345778053910e+00 1.342679999999999874e+00 6.020000000000000305e-09
355.0 9.833275008332614808e-02 1.432226849338946062e+00 1.342600000000000016e+00 5.899999999999999892e-09
356.0 9.613737104840251735e-02 1.449643523016006741e+00 1.342519999999999936e+00 5.780000000000000306e-09
357.0 9.394199201347890049e-02 1.467060196693067420e+00 1.342440000000000078e+00 5.659999999999999893e-09
358.0 9.174661297855526976e-02 1.484476870370128321e+00 1.342359999999999998e+00 5.540000000000000308e-09
359.0 8.955123394363165290e-02 1.501893544047189000e+00 1.342279999999999918e+00 5.419999999999999895e-09
360.0 8.735585490870802217e-02 1.519310217724249679e+00 1.342200000000000060e+00 5.300000000000000309e-09
361.0 8.516047587378439143e-02 1.536726891401310580e+00 1.342119999999999980e+00 5.179999999999999897e-09
362.0 8.296509683886077458e-02 1.554143565078371259e+00 1.342039999999999900e+00 5.060000000000000311e-09
363.0 8.076971780393714384e-02 1.571560238755431937e+00 1.341960000000000042e+00 4.939999999999999898e-09
364.0 7.857433876901352698e-02 1.588976912432492838e+00 1.341879999999999962e+00 4.819999999999999485e-09
365.0 7.637895973408989625e-02 1.606393586109553517e+00 1.341799999999999882e+00 4.699999999999999900e-09
366.0 7.418358069916627939e-02 1.623810259786614196e+00 1.341720000000000024e+00 4.580000000000000314e-09
367.0 7.198820166424264866e-02 1.641226933463675097e+00 1.341639999999999944e+00 4.459999999999999901e-09
368.0 6.986105962035675521e-02 1.658438032929307582e+00 1.341559999999999864e+00 4.339999999999999489e-09
369.0 6.838876177445542270e-02 1.673676315634386569e+00 1.341480000000000006e+00 4.219999999999999903e-09
370.0 6.691646392855407632e-02 1.688914598339465334e+00 1.341399999999999926e+00 4.100000000000000317e-09
371.0 6.544416608265274382e-02 1.704152881044544099e+00 1.341320000000000068e+00 3.979999999999999905e-09
372.0 6.397186823675141132e-02 1.719391163749623086e+00 1.341239999999999988e+00 3.859999999999999492e-09
373.0 6.249957039085006494e-02 1.734629446454701851e+00 1.341159999999999908e+00 3.739999999999999906e-09
374.0 6.102727254494873244e-02 1.749867729159780838e+00 1.341080000000000050e+00 3.619999999999999493e-09
375.0 5.955497469904738606e-02 1.765106011864859603e+00 1.340999999999999970e+00 3.499999999999999908e-09
376.0 5.808267685314605355e-02 1.780344294569938590e+00 1.340919999999999890e+00 3.434400000000000052e-09
377.0 5.661037900724471411e-02 1.795582577275017355e+00 1.340840000000000032e+00 3.368799999999999782e-09
378.0 5.513808116134337467e-02 1.810820859980096120e+00 1.340759999999999952e+00 3.303199999999999926e-09
379.0 5.366578331544203523e-02 1.826059142685175107e+00 1.340679999999999872e+00 3.237600000000000069e-09
380.0 5.219348546954069579e-02 1.841297425390253872e+00 1.340600000000000014e+00 3.171999999999999800e-09
381.0 5.072118762363935635e-02 1.856535708095332859e+00 1.340519999999999934e+00 3.106399999999999943e-09
382.0 5.000000000000000278e-02 1.870611553000697036e+00 1.340440000000000076e+00 3.040800000000000087e-09
383.0 5.000000000000000278e-02 1.883571269101582679e+00 1.340359999999999996e+00 2.975199999999999818e-09
384.0 5.000000000000000278e-02 1.896530985202468544e+00 1.340279999999999916e+00 2.909599999999999961e-09
385.0 5.000000000000000278e-02 1.909490701303354188e+00 1.340200000000000058e+00 2.843999999999999692e-09
386.0 5.000000000000000278e-02 1.922450417404239831e+00 1.340119999999999978e+00 2.778399999999999835e-09
387.0 5.000000000000000278e-02 1.935410133505125696e+00 1.340039999999999898e+00 2.712799999999999979e-09
388.0 5.000000000000000278e-02 1.948369849606011339e+00 1.339960000000000040e+00 2.647199999999999709e-09
389.0 5.000000000000000278e-02 1.961329565706897204e+00 1.339879999999999960e+00 2.581599999999999853e-09
390.0 5.000000000000000278e-02 1.974289281807782848e+00 1.339799999999999880e+00 2.515999999999999997e-09
391.0 5.000000000000000278e-02 1.987248997908668713e+00 1.339720000000000022e+00 2.450399999999999727e-09
392.0 5.000000000000000278e-02 2.000208714009554356e+00 1.339639999999999942e+00 2.384799999999999871e-09
393.0 5.000000000000000278e-02 2.013168430110439999e+00 1.339559999999999862e+00 2.319200000000000015e-09
394.0 5.000000000000000278e-02 2.026128146211325642e+00 1.339480000000000004e+00 2.253599999999999745e-09
395.0 5.000000000000000278e-02 2.039087862312211730e+00 1.339399999999999924e+00 2.187999999999999889e-09
396.0 5.000000000000000278e-02 2.052047578413097373e+00 1.339320000000000066e+00 2.122400000000000033e-09
397.0 5.000000000000000278e-02 2.065007294513983016e+00 1.339239999999999986e+00 2.056799999999999763e-09
398.0 5.000000000000000278e-02 2.077928335811046523e+00 1.339159999999999906e+00 1.991199999999999907e-09
399.0 5.000000000000000278e-02 2.090825140676837890e+00 1.339080000000000048e+00 1.925600000000000051e-09
400.0 5.000000000000000278e-02 2.103721945542628813e+00 1.338999999999999968e+00 1.859999999999999988e-09
401.0 5.000000000000000278e-02 2.116618750408419736e+00 1.338959999999999928e+00 1.837599999999999941e-09
402.0 5.000000000000000278e-02 2.129515555274211103e+00 1.338919999999999888e+00 1.815199999999999894e-09
403.0 5.000000000000000278e-02 2.142412360140002026e+00 1.338880000000000070e+00 1.792800000000000054e-09
404.0 5.000000000000000278e-02 2.155309165005792948e+00 1.338840000000000030e+00 1.770400000000000008e-09
405.0 5.000000000000000278e-02 2.168205969871584315e+00 1.338799999999999990e+00 1.747999999999999961e-09
406.0 5.000000000000000278e-02 2.181102774737375238e+00 1.338759999999999950e+00 1.725599999999999914e-09
407.0 5.000000000000000278e-02 2.193999579603166161e+00 1.338719999999999910e+00 1.703200000000000074e-09
408.0 5.000000000000000278e-02 2.206896384468957528e+00 1.338680000000000092e+00 1.680800000000000027e-09
409.0 5.000000000000000278e-02 2.219793189334748451e+00 1.338640000000000052e+00 1.658399999999999981e-09
410.0 5.000000000000000278e-02 2.232689994200539374e+00 1.338600000000000012e+00 1.635999999999999934e-09
411.0 5.000000000000000278e-02 2.245586799066330741e+00 1.338559999999999972e+00 1.613599999999999887e-09
412.0 5.000000000000000278e-02 2.258483603932121664e+00 1.338519999999999932e+00 1.591200000000000047e-09
413.0 5.000000000000000278e-02 2.271380408797912587e+00 1.338480000000000114e+00 1.568800000000000001e-09
414.0 4.958226430024016002e-02 2.282811657585508858e+00 1.338440000000000074e+00 1.546399999999999954e-09
415.0 4.900154513168687720e-02 2.293671106037455498e+00 1.338400000000000034e+00 1.524000000000000114e-09
416.0 4.842082596313358744e-02 2.304530554489401695e+00 1.338359999999999994e+00 1.501600000000000067e-09
417.0 4.784010679458030463e-02 2.315390002941348335e+00 1.338319999999999954e+00 1.479200000000000020e-09
418.0 4.725938762602701487e-02 2.326249451393294976e+00 1.338280000000000136e+00 1.456799999999999974e-09
419.0 4.667866845747373206e-02 2.337108899845241172e+00 1.338240000000000096e+00 1.434399999999999927e-09
420.0 4.609794928892044230e-02 2.347968348297187813e+00 1.338200000000000056e+00 1.412000000000000087e-09
