# lambda [nm], real_ref_gold, imag_ref_gold, real_ref_water, imag_ref_water,  (gold sphere - rep Fig 7.6 )
460.0 1.348869738414854469e+00 1.885093328528079093e+00 1.336600000000000010e+00 9.859999999999999038e-10
461.0 1.345466919005235296e+00 1.881933567647718464e+00 1.336559999999999970e+00 9.825999999999998949e-10
462.0 1.342064099595616122e+00 1.878773806767357835e+00 1.336519999999999930e+00 9.791999999999998860e-10
463.0 1.338661280185997171e+00 1.875614045886997205e+00 1.336480000000000112e+00 9.757999999999998770e-10
464.0 1.335258460776377998e+00 1.872454285006636576e+00 1.336440000000000072e+00 9.724000000000000749e-10
465.0 1.331855641366758825e+00 1.869294524126276169e+00 1.336400000000000032e+00 9.690000000000000659e-10
466.0 1.328452821957139873e+00 1.866134763245915540e+00 1.336359999999999992e+00 9.656000000000000570e-10
467.0 1.325050002547520700e+00 1.862975002365554911e+00 1.336319999999999952e+00 9.622000000000000481e-10
468.0 1.321647183137901527e+00 1.859815241485194282e+00 1.336280000000000134e+00 9.588000000000000391e-10
469.0 1.318244363728282575e+00 1.856655480604833652e+00 1.336240000000000094e+00 9.554000000000000302e-10
470.0 1.314841544318663402e+00 1.853495719724473023e+00 1.336200000000000054e+00 9.520000000000000212e-10
471.0 1.311438724909044229e+00 1.850335958844112394e+00 1.336160000000000014e+00 9.486000000000000123e-10
472.0 1.303642691125994846e+00 1.848623270585244116e+00 1.336119999999999974e+00 9.452000000000000034e-10
473.0 1.292628570357835516e+00 1.847970581947131041e+00 1.336080000000000156e+00 9.417999999999999944e-10
474.0 1.281614449589676186e+00 1.847317893309017744e+00 1.336040000000000116e+00 9.383999999999999855e-10
475.0 1.270600328821517078e+00 1.846665204670904670e+00 1.336000000000000076e+00 9.349999999999999765e-10
476.0 1.259586208053357748e+00 1.846012516032791595e+00 1.335960000000000036e+00 9.375999999999999469e-10
477.0 1.248572087285198418e+00 1.845359827394678298e+00 1.335919999999999996e+00 9.401999999999999172e-10
478.0 1.237557966517039310e+00 1.844707138756565223e+00 1.335879999999999956e+00 9.427999999999998876e-10
479.0 1.226543845748879979e+00 1.844054450118452149e+00 1.335840000000000138e+00 9.454000000000000647e-10
480.0 1.215529724980720649e+00 1.843401761480339074e+00 1.335800000000000098e+00 9.480000000000000351e-10
481.0 1.204515604212561541e+00 1.842749072842225777e+00 1.335760000000000058e+00 9.506000000000000054e-10
482.0 1.193501483444402211e+00 1.842096384204112702e+00 1.335720000000000018e+00 9.531999999999999757e-10
483.0 1.182487362676242881e+00 1.841443695565999628e+00 1.335679999999999978e+00 9.557999999999999461e-10
484.0 1.171473241908083551e+00 1.840791006927886331e+00 1.335639999999999938e+00 9.583999999999999164e-10
485.0 1.160459121139924443e+00 1.840138318289773256e+00 1.335600000000000120e+00 9.610000000000000936e-10
486.0 1.149445000371765113e+00 1.839485629651660181e+00 1.335560000000000080e+00 9.636000000000000639e-10
487.0 1.138430879603605783e+00 1.838832941013546884e+00 1.335520000000000040e+00 9.662000000000000342e-10
488.0 1.127416758835446675e+00 1.838180252375433810e+00 1.335480000000000000e+00 9.688000000000000046e-10
489.0 1.116402638067287345e+00 1.837527563737320735e+00 1.335439999999999960e+00 9.713999999999999749e-10
490.0 1.105388517299128015e+00 1.836874875099207660e+00 1.335399999999999920e+00 9.739999999999999453e-10
491.0 1.094374396530968685e+00 1.836222186461094363e+00 1.335360000000000102e+00 9.766000000000001224e-10
492.0 1.083360275762809577e+00 1.835569497822981289e+00 1.335320000000000062e+00 9.792000000000000927e-10
493.0 1.072346154994650247e+00 1.834916809184868214e+00 1.335280000000000022e+00 9.818000000000000631e-10
494.0 1.061332034226490917e+00 1.834264120546754917e+00 1.335239999999999982e+00 9.844000000000000334e-10
495.0 1.050317913458331809e+00 1.833611431908641842e+00 1.335199999999999942e+00 9.870000000000000038e-10
496.0 1.038938286304260883e+00 1.833626916658436468e+00 1.335159999999999902e+00 9.895999999999999741e-10
497.0 1.022141790919897320e+00 1.843544847266346265e+00 1.335120000000000084e+00 9.922000000000001513e-10
498.0 1.005345295535533756e+00 1.853462777874256284e+00 1.335080000000000044e+00 9.948000000000001216e-10
499.0 9.885488001511699707e-01 1.863380708482166304e+00 1.335040000000000004e+00 9.974000000000000919e-10
500.0 9.717523047668064073e-01 1.873298639090076323e+00 1.334999999999999964e+00 1.000000000000000062e-09
501.0 9.549558093824427329e-01 1.883216569697986120e+00 1.334959999999999924e+00 1.012800000000000059e-09
502.0 9.381593139980790585e-01 1.893134500305896140e+00 1.334919999999999884e+00 1.025600000000000057e-09
503.0 9.213628186137153842e-01 1.903052430913806159e+00 1.334880000000000067e+00 1.038400000000000054e-09
504.0 9.045663232293517098e-01 1.912970361521716178e+00 1.334840000000000027e+00 1.051200000000000051e-09
505.0 8.877698278449881464e-01 1.922888292129625976e+00 1.334799999999999986e+00 1.064000000000000048e-09
506.0 8.709733324606244720e-01 1.932806222737535995e+00 1.334759999999999946e+00 1.076800000000000045e-09
507.0 8.541768370762607976e-01 1.942724153345446014e+00 1.334719999999999906e+00 1.089600000000000042e-09
508.0 8.373803416918972342e-01 1.952642083953355812e+00 1.334680000000000089e+00 1.102400000000000040e-09
509.0 8.205838463075335598e-01 1.962560014561265831e+00 1.334640000000000049e+00 1.115200000000000037e-09
510.0 8.037873509231698854e-01 1.972477945169175850e+00 1.334600000000000009e+00 1.128000000000000034e-09
511.0 7.869908555388063220e-01 1.982395875777085870e+00 1.334559999999999969e+00 1.140800000000000031e-09
512.0 7.701943601544425366e-01 1.992313806384995889e+00 1.334519999999999929e+00 1.153600000000000028e-09
513.0 7.533978647700789733e-01 2.002231736992905908e+00 1.334480000000000111e+00 1.166400000000000025e-09
514.0 7.366013693857152989e-01 2.012149667600815484e+00 1.334440000000000071e+00 1.179200000000000022e-09
515.0 7.198048740013516245e-01 2.022067598208725503e+00 1.334400000000000031e+00 1.192000000000000020e-09
516.0 7.030083786169880611e-01 2.031985528816635522e+00 1.334359999999999991e+00 1.204800000000000017e-09
517.0 6.862118832326243867e-01 2.041903459424545542e+00 1.334319999999999951e+00 1.217600000000000014e-09
518.0 6.694153878482607123e-01 2.051821390032455561e+00 1.334280000000000133e+00 1.230400000000000011e-09
519.0 6.526188924638971489e-01 2.061739320640365580e+00 1.334240000000000093e+00 1.243200000000000008e-09
520.0 6.358223970795333635e-01 2.071657251248275600e+00 1.334200000000000053e+00 1.256000000000000005e-09
521.0 6.196016401786852423e-01 2.081784139858798621e+00 1.334160000000000013e+00 1.268800000000000003e-09
522.0 6.127326733948911253e-01 2.095305158685845548e+00 1.334119999999999973e+00 1.281600000000000000e-09
523.0 6.058637066110971192e-01 2.108826177512892919e+00 1.334080000000000155e+00 1.294399999999999997e-09
524.0 5.989947398273030021e-01 2.122347196339940290e+00 1.334040000000000115e+00 1.307199999999999994e-09
525.0 5.921257730435088851e-01 2.135868215166987660e+00 1.334000000000000075e+00 1.319999999999999991e-09
526.0 5.852568062597147680e-01 2.149389233994035031e+00 1.333960000000000035e+00 1.345599999999999986e-09
527.0 5.783878394759207620e-01 2.162910252821082402e+00 1.333919999999999995e+00 1.371199999999999980e-09
528.0 5.715188726921266449e-01 2.176431271648129773e+00 1.333879999999999955e+00 1.396799999999999974e-09
529.0 5.646499059083325278e-01 2.189952290475177143e+00 1.333840000000000137e+00 1.422399999999999968e-09
530.0 5.577809391245385218e-01 2.203473309302224070e+00 1.333800000000000097e+00 1.447999999999999963e-09
531.0 5.509119723407444047e-01 2.216994328129271441e+00 1.333760000000000057e+00 1.473599999999999957e-09
532.0 5.440430055569502876e-01 2.230515346956318812e+00 1.333720000000000017e+00 1.499199999999999951e-09
533.0 5.371740387731561706e-01 2.244036365783366183e+00 1.333679999999999977e+00 1.524799999999999946e-09
534.0 5.303050719893621645e-01 2.257557384610413553e+00 1.333639999999999937e+00 1.550399999999999940e-09
535.0 5.234361052055680474e-01 2.271078403437460924e+00 1.333600000000000119e+00 1.575999999999999934e-09
536.0 5.165671384217739304e-01 2.284599422264508295e+00 1.333560000000000079e+00 1.601599999999999929e-09
537.0 5.096981716379798133e-01 2.298120441091555222e+00 1.333520000000000039e+00 1.627199999999999923e-09
538.0 5.028292048541858072e-01 2.311641459918602592e+00 1.333479999999999999e+00 1.652799999999999917e-09
539.0 4.959602380703916902e-01 2.325162478745649963e+00 1.333439999999999959e+00 1.678399999999999912e-09
540.0 4.890912712865975731e-01 2.338683497572697334e+00 1.333399999999999919e+00 1.703999999999999906e-09
541.0 4.822223045028035116e-01 2.352204516399744705e+00 1.333360000000000101e+00 1.729599999999999900e-09
542.0 4.753533377190094500e-01 2.365725535226792076e+00 1.333320000000000061e+00 1.755199999999999895e-09
543.0 4.684843709352153329e-01 2.379246554053839446e+00 1.333280000000000021e+00 1.780799999999999889e-09
544.0 4.616154041514212159e-01 2.392767572880886817e+00 1.333239999999999981e+00 1.806399999999999883e-09
545.0 4.547464373676271543e-01 2.406288591707933744e+00 1.333199999999999941e+00 1.831999999999999878e-09
546.0 4.478774705838330927e-01 2.419809610534981115e+00 1.333159999999999901e+00 1.857599999999999872e-09
547.0 4.410085038000389757e-01 2.433330629362028485e+00 1.333120000000000083e+00 1.883199999999999866e-09
548.0 4.341395370162448586e-01 2.446851648189075856e+00 1.333080000000000043e+00 1.908799999999999860e-09
549.0 4.283385514448179165e-01 2.459841935789387701e+00 1.333040000000000003e+00 1.934399999999999855e-09
550.0 4.241572989816794204e-01 2.472027300110534398e+00 1.332999999999999963e+00 1.959999999999999849e-09
551.0 4.199760465185409242e-01 2.484212664431680651e+00 1.332999999999999963e+00 2.025599999999999705e-09
552.0 4.157947940554024280e-01 2.496398028752827347e+00 1.332999999999999963e+00 2.091199999999999975e-09
553.0 4.116135415922639318e-01 2.508583393073973600e+00 1.332999999999999963e+00 2.156799999999999831e-09
554.0 4.074322891291254356e-01 2.520768757395120296e+00 1.332999999999999963e+00 2.222400000000000101e-09
555.0 4.032510366659869394e-01 2.532954121716266549e+00 1.332999999999999963e+00 2.287999999999999957e-09
556.0 3.990697842028484432e-01 2.545139486037413246e+00 1.332999999999999963e+00 2.353599999999999813e-09
557.0 3.948885317397099470e-01 2.557324850358559498e+00 1.332999999999999963e+00 2.419200000000000083e-09
558.0 3.907072792765715064e-01 2.569510214679706195e+00 1.332999999999999963e+00 2.484799999999999939e-09
559.0 3.865260268134330102e-01 2.581695579000852447e+00 1.332999999999999963e+00 2.550399999999999796e-09
560.0 3.823447743502945140e-01 2.593880943321998700e+00 1.332999999999999963e+00 2.616000000000000065e-09
