# lambda [nm], Cext, Cext_analytical, error
350.00000000 136.57918152 136.40707801 0.00126169
351.00000000 143.97230809 143.76918976 0.00141281
352.00000000 152.13152424 151.89275912 0.00157193
353.00000000 161.18405639 160.90363010 0.00174282
354.00000000 171.28596426 170.95575515 0.00193155
355.00000000 180.58479284 180.20685678 0.00209723
356.00000000 190.15001727 189.72048035 0.00226405
357.00000000 200.68836880 200.19880262 0.00244540
358.00000000 212.34934774 211.78981900 0.00264191
359.00000000 225.31370021 224.67189666 0.00285663
360.00000000 239.80067331 239.06170977 0.00309110
361.00000000 256.07913535 255.22472472 0.00334768
362.00000000 274.48167957 273.48922017 0.00362888
363.00000000 295.42394168 294.26527665 0.00393748
364.00000000 319.43187533 318.07086042 0.00427897
365.00000000 347.17839072 345.56820348 0.00465954
366.00000000 379.53610509 377.61539998 0.00508641
367.00000000 417.65320831 415.34093959 0.00556716
368.00000000 462.70563697 459.89814253 0.00610460
369.00000000 512.63356804 509.25558639 0.00663318
370.00000000 572.27436837 568.16802469 0.00722734
371.00000000 644.37977942 639.32991979 0.00789868
372.00000000 732.74056999 726.44864608 0.00866121
373.00000000 842.68215442 834.72576215 0.00953174
374.00000000 981.84594288 971.61496078 0.01052987
375.00000000 1161.44529562 1148.03955642 0.01167707
376.00000000 1398.31418780 1380.37853312 0.01299329
377.00000000 1718.25621496 1693.71909339 0.01448713
378.00000000 2161.35593819 2127.04724214 0.01612973
379.00000000 2789.38529070 2740.63571641 0.01778769
380.00000000 3691.14338614 3622.11606847 0.01905718
381.00000000 4961.75858160 4869.72603439 0.01889892
382.00000000 6391.28947261 6295.44037951 0.01522516
383.00000000 7481.48799140 7428.50170794 0.00713284
384.00000000 7797.91399404 7830.22718383 0.00412672
385.00000000 7125.88318652 7232.37107571 0.01472379
386.00000000 5879.24063246 6008.47076591 0.02150799
387.00000000 4594.40505636 4709.20503580 0.02437778
388.00000000 3531.30840105 3620.94135009 0.02475405
389.00000000 2726.15258032 2792.93187994 0.02391011
390.00000000 2133.47509827 2182.78652201 0.02259104
391.00000000 1697.67062011 1734.37286821 0.02116168
392.00000000 1373.72644481 1401.44965425 0.01978181
393.00000000 1129.18595904 1150.48411417 0.01851234
394.00000000 941.49005200 958.13208515 0.01736925
395.00000000 795.05808331 808.27270190 0.01634921
396.00000000 679.05610739 689.70619839 0.01544149
397.00000000 585.85596887 594.55639808 0.01463348
398.00000000 510.20623884 517.40554533 0.01391424
399.00000000 447.98723975 454.01256111 0.01327127
400.00000000 396.17035812 401.26370130 0.01269326
401.00000000 352.79440103 357.14229916 0.01217413
402.00000000 315.98074713 319.72270257 0.01170375
403.00000000 284.49062972 287.73512678 0.01127599
404.00000000 257.36038207 260.19273780 0.01088561
405.00000000 233.83219915 236.32021490 0.01052815
406.00000000 213.30409729 215.50223126 0.01020005
407.00000000 195.29357604 197.24583350 0.00989759
408.00000000 179.41035498 181.15264392 0.00961779
409.00000000 165.33606945 166.89809063 0.00935913
410.00000000 152.80948429 154.21572479 0.00911866
411.00000000 141.61434588 142.88526146 0.00889466
412.00000000 131.57057631 132.72337459 0.00868572
413.00000000 122.52732537 123.57654974 0.00849048
414.00000000 114.27761584 115.23743596 0.00832907
415.00000000 106.70485468 107.58537650 0.00818440
416.00000000 99.75614494 100.56537227 0.00804678
417.00000000 93.36789116 94.11287353 0.00791584
418.00000000 87.48422742 88.17117651 0.00779108
419.00000000 82.05591233 82.69032404 0.00767214
420.00000000 77.03943579 77.62617959 0.00755858
