# lambda [nm], Cext, Cext_analytical, error - (Mesh of 2K elements)
203.25278261 383.52907384 386.41918616 0.00747922
207.33143377 391.73408685 394.68125210 0.00746720
211.93879896 397.19309423 400.24971207 0.00763678
216.37730784 399.46149298 402.59690980 0.00778798
221.40035249 400.80418355 404.02161767 0.00796352
226.24853539 396.99106878 400.25317856 0.00815012
231.31380111 400.10814910 403.44950733 0.00828197
237.06347494 392.20588978 395.57817099 0.00852494
242.63052328 390.82648207 394.26514572 0.00872170
248.96425179 386.27902773 389.79237795 0.00901339
255.11151727 384.69065865 388.30171648 0.00929962
261.57003670 374.77083359 378.42142680 0.00964690
268.94619825 358.24158958 361.84704548 0.00996403
276.13406992 335.27727655 338.74202092 0.01022827
284.36742521 314.57248431 317.86609581 0.01036163
292.41555989 300.27544623 303.43746085 0.01042065
300.93251795 281.67282800 284.66001289 0.01049387
310.73733683 272.37407231 275.26902668 0.01051682
320.37260308 261.61198607 264.40067740 0.01054722
331.50854918 265.07048025 267.87531978 0.01047069
342.49778286 255.75687981 258.45216490 0.01042856
354.24056398 242.50986454 245.06479401 0.01042553
367.90563025 237.69443128 240.22747836 0.01054437
381.48983813 233.17947897 235.70342977 0.01070816
397.38524806 221.52480205 223.94286553 0.01079768
413.28065798 214.55606319 216.90467811 0.01082787
430.50068539 207.51479403 209.77815719 0.01078932
450.85162689 210.29840797 212.55884476 0.01063440
471.42280378 213.17514332 215.39098527 0.01028753
495.93678957 264.99630492 267.66677934 0.00997686
520.94200586 403.44847946 409.29279864 0.01427907
548.60264333 218.37671073 222.79264634 0.01982083
582.08543377 66.65056559 67.90632132 0.01849247
616.83680295 23.36342708 23.75984707 0.01668445
659.49041167 8.36452758 8.49632013 0.01551172
704.45566701 4.69592771 4.76644012 0.01479352
756.00120362 3.15297849 3.19863971 0.01427520
821.08739996 2.17684146 2.20741435 0.01385009
891.97264312 1.44647991 1.46634277 0.01354585
984.00156662 1.14215587 1.15754972 0.01329865
1087.58067889 0.85113873 0.86244072 0.01310466
1215.53134700 0.64450322 0.65294906 0.01293492
1393.08086959 0.43234874 0.43790805 0.01269515
1610.18438174 0.28646790 0.29012644 0.01261016
1937.25308428 0.26246919 0.26561865 0.01185704
