# lambda [nm], Cext, Cext_analytical, error - (Mesh of 8K elements)
203.25278261 385.68327420 386.41918616 0.00190444
207.33143377 393.93092038 394.68125210 0.00190111
211.93879896 399.47075796 400.24971207 0.00194617
216.37730784 401.79719649 402.59690980 0.00198639
221.40035249 403.20020353 404.02161767 0.00203309
226.24853539 399.41952462 400.25317856 0.00208282
231.31380111 402.59504847 403.44950733 0.00211788
237.06347494 394.71473816 395.57817099 0.00218271
242.63052328 393.38389562 394.26514572 0.00223517
248.96425179 388.89078064 389.79237795 0.00231302
255.11151727 387.37390049 388.30171648 0.00238942
261.57003670 377.48208303 378.42142680 0.00248227
268.94619825 360.91812620 361.84704548 0.00256716
276.13406992 337.84841679 338.74202092 0.00263801
284.36742521 317.01618042 317.86609581 0.00267382
292.41555989 302.62131441 303.43746085 0.00268967
300.93251795 283.88876224 284.66001289 0.00270937
310.73733683 274.52152789 275.26902668 0.00271552
320.37260308 263.68053309 264.40067740 0.00272369
331.50854918 267.15123880 267.87531978 0.00270305
342.49778286 257.75646826 258.45216490 0.00269178
354.24056398 244.40531856 245.06479401 0.00269102
367.90563025 239.57339047 240.22747836 0.00272279
381.48983813 235.05133478 235.70342977 0.00276659
397.38524806 223.31793123 223.94286553 0.00279060
413.28065798 216.29763611 216.90467811 0.00279866
430.50068539 209.19322515 209.77815719 0.00278834
450.85162689 211.97502843 212.55884476 0.00274661
471.42280378 214.81944361 215.39098527 0.00265351
495.93678957 266.97917592 267.66677934 0.00256888
520.94200586 407.77080642 409.29279864 0.00371859
548.60264333 221.62967166 222.79264634 0.00521999
582.08543377 67.57611406 67.90632132 0.00486269
616.83680295 23.65590356 23.75984707 0.00437476
659.49041167 8.46183790 8.49632013 0.00405849
704.45566701 4.74801794 4.76644012 0.00386498
756.00120362 3.18672363 3.19863971 0.00372536
821.08739996 2.19944382 2.20741435 0.00361080
891.97264312 1.46116851 1.46634277 0.00352868
984.00156662 1.15354245 1.15754972 0.00346186
1087.58067889 0.85950070 0.86244072 0.00340895
1215.53134700 0.65075393 0.65294906 0.00336186
1393.08086959 0.43646483 0.43790805 0.00329572
1610.18438174 0.28917924 0.29012644 0.00326480
1937.25308428 0.26480881 0.26561865 0.00304886
