# lambda [nm], Cext, Cext_analytical, error - (Mesh of 8K elements)
203.25278261 440.03810696 440.79533751 0.00171787
207.33143377 429.27926255 430.04250058 0.00177480
211.93879896 418.73707253 419.49938569 0.00181720
216.37730784 407.84589242 408.60471044 0.00185710
221.40035249 391.47496703 392.22158766 0.00190357
226.24853539 380.21764527 380.95017709 0.00192291
231.31380111 370.01932028 370.74561791 0.00195902
237.06347494 363.33409042 364.05228893 0.00197279
242.63052328 352.22197803 352.93026486 0.00200687
248.96425179 342.85245142 343.55043437 0.00203168
255.11151727 330.05026521 330.73070497 0.00205738
261.57003670 315.24494841 315.89983328 0.00207308
268.94619825 296.07758009 296.69744120 0.00208920
276.13406992 273.39963163 273.97030416 0.00208297
284.36742521 251.85914247 252.37236127 0.00203358
292.41555989 226.90423723 227.34704189 0.00194770
300.93251795 184.70615575 185.03892430 0.00179837
310.73733683 115.48813506 115.66180684 0.00150155
320.37260308 65.61336906 65.69241651 0.00120330
331.50854918 55.40019326 55.42007087 0.00035867
342.49778286 97.28031815 97.24162509 0.00039791
354.24056398 173.89321355 173.54959930 0.00197992
367.90563025 458.41752940 455.65727254 0.00605775
381.48983813 5722.69408703 5623.24043969 0.01768618
397.38524806 554.82437690 562.89972270 0.01434598
413.28065798 120.15120171 121.17365648 0.00843793
430.50068539 41.62603467 41.90343110 0.00661990
450.85162689 21.79284307 21.91671058 0.00565174
471.42280378 15.70840315 15.78799890 0.00504154
495.93678957 9.69977067 9.74497567 0.00463880
520.94200586 6.36353446 6.39140002 0.00435985
548.60264333 5.05514150 5.07615416 0.00413948
582.08543377 2.88039541 2.89190122 0.00397863
616.83680295 2.40116767 2.41044869 0.00385033
659.49041167 1.37967514 1.38485991 0.00374389
704.45566701 0.77438676 0.77723104 0.00365950
756.00120362 0.40305442 0.40450545 0.00358718
821.08739996 0.36095181 0.36222787 0.00352281
891.97264312 0.23740863 0.23823443 0.00346630
984.00156662 0.15299560 0.15352011 0.00341650
1087.58067889 0.09724772 0.09757680 0.00337252
1215.53134700 0.13214536 0.13258656 0.00332759
1393.08086959 0.12241627 0.12280973 0.00320383
1610.18438174 0.07258852 0.07282044 0.00318477
1937.25308428 0.11624825 0.11657487 0.00280178
